D8 MACVEAN 051/13 12.5m run, TVD and backscatter on, c_s=0.23
          48
 -2.2727273E+00   2.2727273E+00   6.8181758E+00   1.1363624E+01   1.5909428E+01   2.0458599E+01   2.5025869E+01   2.9661055E+01   3.4488739E+01   3.9745533E+01
  4.5772636E+01   5.2929634E+01   6.1452362E+01   7.1340820E+01   8.2359169E+01   9.4147835E+01   1.0636560E+02   1.1877587E+02   1.3125406E+02   1.4375034E+02
  1.5624998E+02   1.6875000E+02   1.8125000E+02   1.9375000E+02   2.0625000E+02   2.1875000E+02   2.3125000E+02   2.4375000E+02   2.5625000E+02   2.6875000E+02
  2.8125000E+02   2.9375000E+02   3.0625000E+02   3.1875000E+02   3.3125000E+02   3.4375000E+02   3.5625000E+02   3.6875000E+02   3.8125000E+02   3.9375000E+02
  4.0625000E+02   4.1875000E+02   4.3125000E+02   4.4375000E+02   4.5625000E+02   4.6875000E+02   4.8125000E+02   4.9375000E+02
  0.0000000E+00   4.4289438E-04   1.2821392E-03   1.5113099E-03   1.5646274E-03   1.5270212E-03   1.4595038E-03   1.3815034E-03   1.3072555E-03   1.2363436E-03
  1.1454145E-03   1.0355755E-03   9.1919716E-04   7.9921074E-04   6.8364543E-04   5.7764113E-04   4.7049421E-04   3.9029392E-04   3.2038620E-04   2.6384016E-04
  2.2415098E-04   1.7293288E-04   1.3062821E-04   9.8735341E-05   7.4953095E-05   5.6789890E-05   4.5693356E-05   3.8683898E-05   2.8083499E-05   2.1705955E-05
  1.5701449E-05   1.1425032E-05   6.9523599E-06   6.4245346E-06   5.4698398E-06   1.0519508E-06   2.4293824E-08   9.2575876E-09   8.3003151E-09   7.9406179E-09
  3.5040908E-09  -9.2237794E-11  -1.5805550E-09  -1.5756482E-09  -9.4956643E-10  -3.5976735E-10  -6.4972298E-11   0.0000000E+00
  0.0000000E+00   3.6129329E-02   8.2288301E-03   4.9339146E-03   3.5272243E-03   2.7124286E-03   2.1848746E-03   1.8036173E-03   1.4984523E-03   1.2313277E-03
  9.9985779E-04   8.0489012E-04   6.5058877E-04   5.3599390E-04   4.2927655E-04   3.2887413E-04   2.4295681E-04   1.7216273E-04   1.2735694E-04   9.7660777E-05
  6.8298832E-05   3.8779970E-05   1.8776060E-05   1.0763344E-05   6.0560442E-06   2.9672476E-06   2.2549323E-06   1.5712102E-06   8.0792557E-07   4.4165111E-07
  2.7341966E-07   1.6629751E-07   5.9181385E-08   3.2073640E-08   1.8804501E-08   7.5754963E-10   0.0000000E+00   0.0000000E+00   0.0000000E+00   0.0000000E+00
  0.0000000E+00   0.0000000E+00   0.0000000E+00   0.0000000E+00   0.0000000E+00   0.0000000E+00   0.0000000E+00   0.0000000E+00
  0.0000000E+00  -1.2929380E-05  -4.1485589E-05  -7.3112169E-05  -1.0095351E-04  -1.2114154E-04  -1.3539533E-04  -1.4528102E-04  -1.5162920E-04  -1.5506176E-04
 -1.5564087E-04  -1.5288222E-04  -1.4569868E-04  -1.3418724E-04  -1.2180142E-04  -1.1031565E-04  -9.8490142E-05  -8.8016219E-05  -7.7280893E-05  -6.4457425E-05
 -5.1745083E-05  -4.1203952E-05  -3.3907156E-05  -2.8290262E-05  -2.4139581E-05  -2.0804762E-05  -1.7435965E-05  -1.4968702E-05  -1.2932245E-05  -1.0636663E-05
 -8.3564455E-06  -6.5377562E-06  -5.3899066E-06  -3.9320907E-06  -2.2499703E-06  -9.8710314E-07  -2.7810634E-07  -1.1096135E-07  -1.2706479E-07  -1.8895254E-07
 -2.4351246E-07  -2.6709586E-07  -2.5475987E-07  -2.1266956E-07  -1.5221445E-07  -8.8246580E-08  -3.6127172E-08  -7.4144171E-09
  0.0000000E+00   8.4604364E-04  -8.1312610E-05  -2.0455732E-04  -2.0766715E-04  -1.6101620E-04  -9.4787807E-05  -2.8432878E-05  -1.8315390E-05  -4.5183358E-05
 -2.9235769E-05  -1.4167699E-05  -1.9292089E-05  -2.2353559E-06   1.5217347E-06   5.3195208E-08   8.9581117E-06   2.3100088E-06   4.4160897E-06   5.4522829E-06
 -4.1055437E-06   1.7231304E-07   2.8399063E-07   2.8704765E-06   2.6481573E-06   3.2229764E-06   2.8650961E-06   9.7229690E-07   1.6225703E-06   1.2934145E-06
  1.1625759E-06   6.6591713E-07   1.2662503E-06  -1.3397251E-07  -7.1027571E-08   1.2551569E-06   3.8860779E-07   1.4654303E-07   2.1756279E-07   3.7756308E-07
  5.1212146E-07   5.9403982E-07   6.2234750E-07   6.0902272E-07   5.6669643E-07   5.1243882E-07   4.6679182E-07   4.4977250E-07
  0.0000000E+00   3.7905242E-02   1.0063372E-02   7.2113518E-03   6.1035273E-03   5.4095681E-03   4.8727547E-03   4.3826709E-03   3.8738749E-03   3.3503990E-03
  2.8437953E-03   2.3708215E-03   1.9648923E-03   1.6313584E-03   1.3098130E-03   1.0209255E-03   7.6725410E-04   5.6430016E-04   4.3106798E-04   3.3553512E-04
  2.5388095E-04   1.7397848E-04   1.1366063E-04   7.6811288E-05   5.2339004E-05   3.5935318E-05   2.7731583E-05   2.0925152E-05   1.2992494E-05   8.5881093E-06
  5.5709679E-06   2.9494909E-06   1.1644092E-06   4.0422839E-07   1.0637535E-07   3.5909729E-09   0.0000000E+00   0.0000000E+00   0.0000000E+00   0.0000000E+00
  0.0000000E+00   0.0000000E+00   0.0000000E+00   0.0000000E+00   0.0000000E+00   0.0000000E+00   0.0000000E+00   0.0000000E+00
  0.0000000E+00   3.1381760E-06   4.4771809E-06   5.0425797E-06   4.0011378E-06   3.5851460E-06   1.8414355E-06  -3.9792428E-07  -1.8719732E-06  -2.0206137E-06
 -3.1814475E-06  -3.1136126E-06  -7.2314879E-07  -1.7322892E-06  -2.3749440E-08   4.2510487E-06   5.9174972E-06   4.4728245E-06   4.8951720E-06   6.0689404E-06
  6.5696399E-06   9.3833869E-06   8.0820037E-06   9.4907482E-06   8.9638670E-06   7.0022811E-06   6.0031666E-06   5.5892679E-06   4.6324622E-06   4.3120644E-06
  3.3029028E-06   2.7797562E-06   1.7341331E-06   1.9903407E-06   3.0626056E-06   1.3174603E-06   1.3478802E-07   4.4839144E-08   3.2510574E-08   1.8450416E-08
  1.3600228E-08   9.0290380E-09   6.2690648E-09   7.0441342E-09   8.3499119E-09   8.8147392E-09   8.5935445E-09   8.0730356E-09
