 _12.5m_Marat                  
         108
  3.0000000E+02   6.0000000E+02   9.0000000E+02   1.2000000E+03   1.5000000E+03   1.8000000E+03   2.1000000E+03   2.4000000E+03   2.7000000E+03   3.0000000E+03
  3.3000000E+03   3.6000000E+03   3.9000000E+03   4.2000000E+03   4.5000000E+03   4.8000000E+03   5.1000000E+03   5.4000000E+03   5.7000000E+03   6.0000000E+03
  6.3000000E+03   6.6000000E+03   6.9000000E+03   7.2000000E+03   7.5000000E+03   7.8000000E+03   8.1000000E+03   8.4000010E+03   8.7000000E+03   9.0000000E+03
  9.3000000E+03   9.6000000E+03   9.9000000E+03   1.0200000E+04   1.0500000E+04   1.0800000E+04   1.1100000E+04   1.1400000E+04   1.1700000E+04   1.2000000E+04
  1.2300000E+04   1.2600000E+04   1.2900000E+04   1.3200000E+04   1.3500000E+04   1.3800000E+04   1.4100000E+04   1.4400000E+04   1.4700000E+04   1.5000000E+04
  1.5300000E+04   1.5600000E+04   1.5900000E+04   1.6200000E+04   1.6500000E+04   1.6800000E+04   1.7100000E+04   1.7400000E+04   1.7700000E+04   1.8000000E+04
  1.8300000E+04   1.8600000E+04   1.8900000E+04   1.9200000E+04   1.9500000E+04   1.9800000E+04   2.0100000E+04   2.0400000E+04   2.0700000E+04   2.1000000E+04
  2.1300000E+04   2.1600000E+04   2.1900000E+04   2.2200000E+04   2.2500000E+04   2.2800000E+04   2.3100000E+04   2.3400000E+04   2.3700000E+04   2.4000000E+04
  2.4300000E+04   2.4600000E+04   2.4900000E+04   2.5200000E+04   2.5500000E+04   2.5800000E+04   2.6100000E+04   2.6400000E+04   2.6700000E+04   2.7000000E+04
  2.7300000E+04   2.7600000E+04   2.7900000E+04   2.8200000E+04   2.8500000E+04   2.8800000E+04   2.9100000E+04   2.9400000E+04   2.9700000E+04   3.0000000E+04
  3.0300000E+04   3.0600000E+04   3.0900000E+04   3.1200000E+04   3.1500000E+04   3.1800000E+04   3.2100000E+04   3.2400000E+04
  1.9736840E+01   3.2894740E+01   7.2368420E+01   1.2500000E+02   1.2500000E+02   1.2500000E+02   1.3815790E+02   1.5131580E+02   1.5131580E+02   1.5131580E+02
  1.6447370E+02   1.6447370E+02   1.6447370E+02   1.7763160E+02   1.7763160E+02   1.7763160E+02   1.7763160E+02   1.7763160E+02   1.7763160E+02   1.9078950E+02
  1.9078950E+02   1.9078950E+02   1.9078950E+02   1.9078950E+02   2.0394740E+02   2.0394740E+02   2.0394740E+02   2.0394740E+02   2.0394740E+02   2.0394740E+02
  2.0394740E+02   2.0394740E+02   2.0394740E+02   2.0394740E+02   2.0394740E+02   1.9078950E+02   1.9078950E+02   1.9078950E+02   2.0394740E+02   2.0394740E+02
  2.0394740E+02   2.0394740E+02   2.1710530E+02   2.0394740E+02   2.0394740E+02   2.0394740E+02   1.9078950E+02   2.0394740E+02   1.9078950E+02   2.0394740E+02
  2.0394740E+02   1.9078950E+02   1.9078950E+02   1.9078950E+02   1.9078950E+02   1.7763160E+02   1.9078950E+02   1.9078950E+02   1.9078950E+02   1.9078950E+02
  1.9078950E+02   1.9078950E+02   1.9078950E+02   1.9078950E+02   1.9078950E+02   1.9078950E+02   1.9078950E+02   1.9078950E+02   1.9078950E+02   1.9078950E+02
  2.0394740E+02   1.9078950E+02   1.9078950E+02   2.0394740E+02   2.0394740E+02   1.9078950E+02   2.0394740E+02   1.9078950E+02   1.9078950E+02   2.0394740E+02
  1.9078950E+02   1.9078950E+02   1.9078950E+02   2.0394740E+02   1.9078950E+02   1.9078950E+02   2.0394740E+02   2.0394740E+02   2.0394740E+02   2.0394740E+02
  2.0394740E+02   2.0394740E+02   2.0394740E+02   1.9078950E+02   2.0394740E+02   2.0394740E+02   1.9078950E+02   2.0394740E+02   1.9078950E+02   1.9078950E+02
  1.9078950E+02   2.0394740E+02   2.0394740E+02   2.0394740E+02   2.0394740E+02   2.0394740E+02   2.0394740E+02   2.0394740E+02
 -3.8012330E-04  -4.7748040E-04  -1.1856630E-03  -1.9367050E-03  -2.1675690E-03  -2.5908270E-03  -2.8413900E-03  -3.0433650E-03  -3.3388640E-03  -3.6818800E-03
 -3.9101780E-03  -4.1252800E-03  -4.4757460E-03  -4.4870240E-03  -4.4521830E-03  -4.4736510E-03  -4.7643880E-03  -4.9104010E-03  -5.1816620E-03  -5.2479780E-03
 -5.5176080E-03  -5.6706220E-03  -5.4946200E-03  -5.5901740E-03  -5.8038760E-03  -6.0574240E-03  -5.9932610E-03  -6.0305050E-03  -6.2172930E-03  -6.3858540E-03
 -6.2294630E-03  -6.4561740E-03  -6.7843310E-03  -6.9683210E-03  -7.3295490E-03  -7.3424320E-03  -7.6745750E-03  -7.9973110E-03  -8.1523170E-03  -8.5499060E-03
 -7.9207810E-03  -8.2864790E-03  -8.0411130E-03  -8.2175890E-03  -8.6370570E-03  -8.5332810E-03  -8.7236190E-03  -9.2149040E-03  -9.1985220E-03  -9.4107840E-03
 -9.5817170E-03  -9.3038200E-03  -9.8230530E-03  -1.0206770E-02  -9.9687890E-03  -1.0123270E-02  -1.0215360E-02  -1.0390880E-02  -1.0842790E-02  -1.0486790E-02
 -1.0751290E-02  -1.1374930E-02  -1.1021320E-02  -1.1449890E-02  -1.1216430E-02  -1.1239250E-02  -1.1526320E-02  -1.1737220E-02  -1.1955830E-02  -1.1367930E-02
 -1.1113630E-02  -1.2420610E-02  -1.2302970E-02  -1.1810380E-02  -1.1068830E-02  -1.1306280E-02  -1.1335280E-02  -1.1591250E-02  -1.1944700E-02  -1.1536880E-02
 -1.1904120E-02  -1.1579520E-02  -1.2490860E-02  -1.3607910E-02  -1.3654720E-02  -1.4182960E-02  -1.3366610E-02  -1.2986320E-02  -1.3183670E-02  -1.3745010E-02
 -1.3236180E-02  -1.2593320E-02  -1.2216990E-02  -1.2225230E-02  -1.2526220E-02  -1.1987450E-02  -1.2786300E-02  -1.2894530E-02  -1.3304490E-02  -1.3731320E-02
 -1.4224420E-02  -1.3737550E-02  -1.3300540E-02  -1.2733550E-02  -1.2556780E-02  -1.2244190E-02  -1.2507160E-02  -1.2185330E-02
  5.7740260E-01   2.9756720E-01   4.1287310E-01   4.9609640E-01   4.4110760E-01   4.2287960E-01   3.9423830E-01   3.6794320E-01   3.5410300E-01   3.4879610E-01
  3.3803640E-01   3.2783200E-01   3.2775110E-01   3.1280310E-01   2.9872700E-01   2.8725960E-01   2.8763900E-01   2.8200080E-01   2.8228830E-01   2.7845090E-01
  2.7976720E-01   2.7834520E-01   2.6615820E-01   2.6094290E-01   2.6147890E-01   2.6285780E-01   2.5858050E-01   2.5345990E-01   2.5404100E-01   2.5641640E-01
  2.4666760E-01   2.4911420E-01   2.5621380E-01   2.5564080E-01   2.5838390E-01   2.5718900E-01   2.6386960E-01   2.6792810E-01   2.6859110E-01   2.7641130E-01
  2.6035310E-01   2.6568210E-01   2.5745480E-01   2.5980550E-01   2.6758640E-01   2.6366870E-01   2.6656540E-01   2.7411570E-01   2.7335370E-01   2.7777650E-01
  2.7918880E-01   2.7075050E-01   2.7822370E-01   2.8506600E-01   2.7809180E-01   2.8225600E-01   2.8181770E-01   2.8485610E-01   2.9332890E-01   2.8571040E-01
  2.8931480E-01   3.0301230E-01   2.9503740E-01   3.0289580E-01   2.9657990E-01   2.9349060E-01   3.0025610E-01   3.0424320E-01   3.0386970E-01   2.9274630E-01
  2.8595150E-01   3.0853450E-01   3.0716310E-01   2.9958270E-01   2.8524840E-01   2.9039190E-01   2.9020700E-01   2.9471560E-01   2.9905770E-01   2.9162440E-01
  2.9609400E-01   2.8790770E-01   3.0227630E-01   3.1957960E-01   3.1988550E-01   3.2998370E-01   3.1515100E-01   3.0922940E-01   3.1235270E-01   3.2322540E-01
  3.1442670E-01   3.0279000E-01   2.9432000E-01   2.9500880E-01   2.9973710E-01   2.9128150E-01   3.0163030E-01   3.0288800E-01   3.0930980E-01   3.1404440E-01
  3.2203890E-01   3.1549800E-01   3.0875650E-01   2.9822570E-01   2.9650770E-01   2.9067310E-01   2.9350190E-01   2.8889340E-01
  3.6136050E+04   3.9375750E+03   4.2356270E+03   4.4984590E+03   2.8254620E+03   2.0827670E+03   1.5387730E+03   1.1679310E+03   9.4889690E+02   8.2238340E+02
  7.0489220E+02   6.0943810E+02   5.6130130E+02   4.8672530E+02   4.2724760E+02   3.7808600E+02   3.5642270E+02   3.2588380E+02   3.0976930E+02   2.9355060E+02
  2.8318370E+02   2.7136230E+02   2.4485620E+02   2.2679850E+02   2.1979640E+02   2.1394580E+02   2.0585110E+02   1.9266510E+02   1.8816510E+02   1.8838550E+02
  1.7191530E+02   1.7086350E+02   1.7690060E+02   1.7107700E+02   1.6793770E+02   1.6532790E+02   1.7082150E+02   1.7160890E+02   1.6959870E+02   1.7625240E+02
  1.5898250E+02   1.6149010E+02   1.5143130E+02   1.5227530E+02   1.5829060E+02   1.5328110E+02   1.5493300E+02   1.5949240E+02   1.5844760E+02   1.6251360E+02
  1.6206130E+02   1.5222130E+02   1.5644610E+02   1.6194840E+02   1.5394000E+02   1.5850300E+02   1.5634360E+02   1.5872780E+02   1.6609350E+02   1.5869540E+02
  1.6072400E+02   1.7452640E+02   1.6627490E+02   1.7318380E+02   1.6595850E+02   1.6049960E+02   1.6757690E+02   1.7120900E+02   1.6746020E+02   1.5747870E+02
  1.5012410E+02   1.6873190E+02   1.6808400E+02   1.6244840E+02   1.4962250E+02   1.5454770E+02   1.5385820E+02   1.5758260E+02   1.5977860E+02   1.5339530E+02
  1.5560390E+02   1.4706130E+02   1.5777890E+02   1.7114910E+02   1.7105270E+02   1.8077560E+02   1.6709510E+02   1.6247450E+02   1.6494090E+02   1.7530750E+02
  1.6758100E+02   1.5729450E+02   1.4891010E+02   1.4985700E+02   1.5340190E+02   1.4710960E+02   1.5314720E+02   1.5376940E+02   1.5871270E+02   1.6094970E+02
  1.6754030E+02   1.6312090E+02   1.5790940E+02   1.4863290E+02   1.4813530E+02   1.4312440E+02   1.4424580E+02   1.4119020E+02
  2.6346010E-02   8.3425780E-01   1.4465780E+00   1.2849160E+00   1.1063190E+00   1.0733360E+00   1.1745730E+00   1.1663460E+00   9.5154540E-01   9.4714280E-01
  8.2845240E-01   7.6854960E-01   7.1394210E-01   8.4297100E-01   5.9066360E-01   7.2538120E-01   8.4229800E-01   1.0559110E+00   6.5259210E-01   7.5949780E-01
  6.7925990E-01   8.0243030E-01   6.6255500E-01   7.7510550E-01   7.8591060E-01   7.6164200E-01   7.6327220E-01   5.5636440E-01   6.1135660E-01   6.2409410E-01
  6.3428120E-01   6.5585210E-01   5.9375750E-01   7.3988250E-01   5.7415900E-01   7.8517140E-01   9.4262540E-01   7.7684930E-01   8.8759890E-01   6.1834690E-01
  7.9153530E-01   7.6278210E-01   7.1079370E-01   7.9542990E-01   7.8467490E-01   8.8315890E-01   7.9259800E-01   9.3311640E-01   6.3791380E-01   9.1426970E-01
  7.5708610E-01   7.4579480E-01   9.0874340E-01   7.8741660E-01   7.6580900E-01   8.5676500E-01   7.7263560E-01   9.4687280E-01   9.5184110E-01   1.3305440E+00
  1.0607520E+00   7.5219480E-01   8.1786270E-01   1.1206830E+00   7.6915760E-01   8.4119590E-01   9.6571890E-01   9.6722530E-01   7.1604390E-01   7.4929190E-01
  1.0419350E+00   9.1720030E-01   9.3731220E-01   8.4524320E-01   8.9547230E-01   7.0899880E-01   7.8133540E-01   8.0775370E-01   7.9158990E-01   9.0004270E-01
  6.8471280E-01   8.2160790E-01   1.0482400E+00   1.0017010E+00   9.7397070E-01   1.0468210E+00   8.6990670E-01   8.9614850E-01   9.6875640E-01   8.7955790E-01
  9.5405110E-01   7.9351320E-01   8.3802490E-01   1.0346110E+00   7.4951800E-01   1.0145730E+00   9.4741580E-01   8.2710060E-01   9.3728940E-01   8.3390160E-01
  9.2215410E-01   9.4744030E-01   7.7899640E-01   9.9961160E-01   7.2628770E-01   7.8283770E-01   1.0223360E+00   9.7288080E-01
