 8.30 UTC C _12.5m_Marat
          32
  0.0000000E+00   1.2500000E+01   2.5000000E+01   3.7500000E+01   5.0000000E+01   6.2500000E+01   7.5000000E+01   8.7500000E+01   1.0000000E+02   1.1250000E+02
  1.2500000E+02   1.3750000E+02   1.5000000E+02   1.6250000E+02   1.7500000E+02   1.8750000E+02   2.0000000E+02   2.1250000E+02   2.2500000E+02   2.3750000E+02
  2.5000000E+02   2.6250000E+02   2.7500000E+02   2.8750000E+02   3.0000000E+02   3.1250000E+02   3.2500000E+02   3.3750000E+02   3.5000000E+02   3.6250000E+02
  3.7500000E+02   3.8750000E+02
  0.0000000E+00  -4.0494350E-02  -4.1387560E-02  -3.6498370E-02  -3.4849620E-02  -3.2114000E-02  -2.9819240E-02  -2.7363540E-02  -2.3639050E-02  -2.0789960E-02
 -1.6962860E-02  -1.4093290E-02  -1.1038800E-02  -8.3413620E-03  -5.7975530E-03  -3.4476510E-03  -1.8334970E-03  -9.6107350E-04  -5.0485940E-04  -2.8798570E-04
 -3.3499230E-04  -3.6664630E-04  -4.2334140E-04  -4.5046210E-04  -3.2704920E-04  -1.8968400E-04  -1.5992810E-04  -1.4263520E-04  -1.0354970E-04  -6.1786870E-05
 -2.7707120E-05  -6.6634150E-06
 -6.5285500E-02  -2.2162410E-02  -1.7356290E-02  -1.7945180E-02  -1.5280090E-02  -1.3341080E-02  -1.0828730E-02  -8.8448380E-03  -7.9243020E-03  -6.0286300E-03
 -5.0682790E-03  -3.2425860E-03  -2.3109620E-03  -1.4050850E-03  -7.2489420E-04  -3.7970160E-04  -1.2354590E-04   1.4778340E-05   4.9933690E-05   7.5175160E-05
  5.0771750E-05   2.5939510E-05   8.3223940E-06   7.7198000E-07  -3.6161290E-07  -8.3368630E-08  -2.0381890E-09   7.5345370E-10   3.2379640E-10   9.4516210E-10
  1.0750740E-09   8.7525500E-10
  0.0000000E+00  -2.2182430E-02  -2.0296790E-02  -1.3508040E-02  -9.7368350E-03  -6.6935350E-03  -2.8483290E-03   6.6467120E-05   2.1038610E-03   3.2322530E-03
  5.0046610E-03   5.9403960E-03   6.8989930E-03   7.4417930E-03   7.2725620E-03   6.4374850E-03   5.2990390E-03   3.9355210E-03   2.6869470E-03   1.1766430E-03
  4.4879440E-04   3.2485560E-04   2.9123850E-04   2.4121020E-04   2.3342550E-04   2.3655020E-04   2.0649270E-04   1.6185740E-04   1.1164900E-04   6.4743810E-05
  2.8604950E-05   7.1793830E-06
 -4.6233100E-02  -1.4104440E-02  -7.3903150E-03  -6.6442560E-03  -4.1827050E-03  -1.8669700E-03  -1.1431510E-03  -7.4423650E-05   9.7348150E-04   2.0666340E-03
  1.9134350E-03   1.9746000E-03   1.7227950E-03   1.3390210E-03   1.0276060E-03   7.1374620E-04   3.3742620E-04   1.6524900E-04   5.6866230E-05   5.7162980E-05
  1.4014320E-05   1.3694640E-06   9.6296860E-07   7.3630030E-07   8.6685060E-08  -1.2411770E-08  -4.2233840E-09   4.9642200E-10   4.3257640E-10   3.1613060E-11
 -8.0323530E-11  -2.7127240E-11
  0.0000000E+00  -5.9869390E-03  -5.7902850E-03  -5.2153690E-03  -5.1359870E-03  -5.0221270E-03  -4.7712610E-03  -4.5846210E-03  -4.3739490E-03  -4.0565510E-03
 -3.7691580E-03  -3.5623350E-03  -3.3735690E-03  -3.0736680E-03  -2.5651010E-03  -1.9905720E-03  -1.4037810E-03  -9.6819770E-04  -6.3191880E-04  -3.4556410E-04
 -1.7852190E-04  -8.7807510E-05  -2.3622000E-05   6.2166700E-06  -1.2463610E-05  -2.7623890E-05  -3.0868970E-05  -3.3870070E-05  -3.3196320E-05  -2.8719470E-05
 -1.7917400E-05  -6.6219940E-06
 -1.3000690E-02  -6.2419800E-03  -5.6583210E-03  -5.4578060E-03  -4.7951720E-03  -4.2107440E-03  -3.7614490E-03  -3.2868340E-03  -2.8532580E-03  -2.4963240E-03
 -2.1175580E-03  -1.6328180E-03  -1.1922580E-03  -7.8420150E-04  -5.9504660E-04  -4.8598020E-04  -3.7354460E-04  -2.4557730E-04  -1.3670920E-04  -9.1918130E-05
 -4.8291130E-05  -2.2126200E-05  -8.8164170E-06  -2.8363920E-06  -9.4762260E-07  -3.3352300E-07  -1.1906670E-07  -4.3548320E-08  -2.1142300E-08  -1.5412030E-08
 -1.3993300E-08  -1.1435180E-08
 -9.9999990E+06  -9.9999990E+06  -9.9999990E+06  -9.9999990E+06  -9.9999990E+06  -9.9999990E+06  -9.9999990E+06  -9.9999990E+06  -9.9999990E+06  -9.9999990E+06
 -9.9999990E+06  -9.9999990E+06  -9.9999990E+06  -9.9999990E+06  -9.9999990E+06  -9.9999990E+06  -9.9999990E+06  -9.9999990E+06  -9.9999990E+06  -9.9999990E+06
 -9.9999990E+06  -9.9999990E+06  -9.9999990E+06  -9.9999990E+06  -9.9999990E+06  -9.9999990E+06  -9.9999990E+06  -9.9999990E+06  -9.9999990E+06  -9.9999990E+06
 -9.9999990E+06  -9.9999990E+06
 -9.9999990E+06  -9.9999990E+06  -9.9999990E+06  -9.9999990E+06  -9.9999990E+06  -9.9999990E+06  -9.9999990E+06  -9.9999990E+06  -9.9999990E+06  -9.9999990E+06
 -9.9999990E+06  -9.9999990E+06  -9.9999990E+06  -9.9999990E+06  -9.9999990E+06  -9.9999990E+06  -9.9999990E+06  -9.9999990E+06  -9.9999990E+06  -9.9999990E+06
 -9.9999990E+06  -9.9999990E+06  -9.9999990E+06  -9.9999990E+06  -9.9999990E+06  -9.9999990E+06  -9.9999990E+06  -9.9999990E+06  -9.9999990E+06  -9.9999990E+06
 -9.9999990E+06  -9.9999990E+06
 -9.9999990E+06  -9.9999990E+06  -9.9999990E+06  -9.9999990E+06  -9.9999990E+06  -9.9999990E+06  -9.9999990E+06  -9.9999990E+06  -9.9999990E+06  -9.9999990E+06
 -9.9999990E+06  -9.9999990E+06  -9.9999990E+06  -9.9999990E+06  -9.9999990E+06  -9.9999990E+06  -9.9999990E+06  -9.9999990E+06  -9.9999990E+06  -9.9999990E+06
 -9.9999990E+06  -9.9999990E+06  -9.9999990E+06  -9.9999990E+06  -9.9999990E+06  -9.9999990E+06  -9.9999990E+06  -9.9999990E+06  -9.9999990E+06  -9.9999990E+06
 -9.9999990E+06  -9.9999990E+06
 -9.9999990E+06  -9.9999990E+06  -9.9999990E+06  -9.9999990E+06  -9.9999990E+06  -9.9999990E+06  -9.9999990E+06  -9.9999990E+06  -9.9999990E+06  -9.9999990E+06
 -9.9999990E+06  -9.9999990E+06  -9.9999990E+06  -9.9999990E+06  -9.9999990E+06  -9.9999990E+06  -9.9999990E+06  -9.9999990E+06  -9.9999990E+06  -9.9999990E+06
 -9.9999990E+06  -9.9999990E+06  -9.9999990E+06  -9.9999990E+06  -9.9999990E+06  -9.9999990E+06  -9.9999990E+06  -9.9999990E+06  -9.9999990E+06  -9.9999990E+06
 -9.9999990E+06  -9.9999990E+06
