Kosovic & Lundquist, CU LES, run at LLNL 6/2003; n=32^3, non-linear Deardorff subgrid model
         927
  5.9994499E+01   1.9993500E+01   7.9992599E+01   8.3999103E+02   8.9998999E+02   9.5998901E+02   1.0199800E+03   1.0799900E+03   1.1399900E+03   1.1999900E+03
  1.2600000E+03   1.3200000E+03   1.3800100E+03   1.4400100E+03   1.5000100E+03   1.5600200E+03   1.6200200E+03   1.6800200E+03   1.7400300E+03   1.8000300E+03
  1.8600300E+03   1.9200400E+03   1.9800400E+03   2.0400500E+03   2.1000500E+03   2.1600500E+03   2.2200601E+03   2.2800601E+03   2.3400601E+03   2.4000701E+03
  2.4600701E+03   2.5192800E+03   2.5200801E+03   2.5792800E+03   2.5800801E+03   2.6392800E+03   2.6400801E+03   2.6992900E+03   2.7000901E+03   2.7592900E+03
  2.7600901E+03   2.8192900E+03   2.8200901E+03   2.8793000E+03   2.8801001E+03   2.9393000E+03   2.9401001E+03   2.9993000E+03   3.0001001E+03   3.0593101E+03
  3.0601101E+03   3.1193101E+03   3.1201101E+03   3.1793201E+03   3.1801201E+03   3.2393201E+03   3.2401201E+03   3.2993201E+03   3.3001201E+03   3.3593301E+03
  3.3601299E+03   3.4193301E+03   3.4201299E+03   3.4793301E+03   3.4801299E+03   3.5393401E+03   3.5401399E+03   3.5993401E+03   3.6001399E+03   3.6593401E+03
  3.6601399E+03   3.7193501E+03   3.7201499E+03   3.7793501E+03   3.7801499E+03   3.8393601E+03   3.8401599E+03   3.8993601E+03   3.9001599E+03   3.9593601E+03
  3.9601599E+03   4.0193701E+03   4.0201699E+03   4.0793701E+03   4.0801699E+03   4.1393599E+03   4.1401602E+03   4.1993501E+03   4.2001499E+03   4.2593301E+03
  4.2601299E+03   4.3193198E+03   4.3201201E+03   4.3792998E+03   4.3801001E+03   4.4392900E+03   4.4400898E+03   4.5000698E+03   4.5600601E+03   4.6200400E+03
  4.6800298E+03   4.7400098E+03   4.8000000E+03   4.8599800E+03   4.9199702E+03   4.9799600E+03   5.0399399E+03   5.0999302E+03   5.1599102E+03   5.1607100E+03
  5.2198999E+03   5.2207002E+03   5.2798799E+03   5.2806802E+03   5.3398701E+03   5.3406699E+03   5.3998501E+03   5.4006499E+03   5.4598398E+03   5.4606401E+03
  5.5198198E+03   5.5206201E+03   5.5798101E+03   5.5806099E+03   5.6397900E+03   5.6405898E+03   5.6997798E+03   5.7005801E+03   5.7597700E+03   5.7605601E+03
  5.8197500E+03   5.8205498E+03   5.8797402E+03   5.8805400E+03   5.9397202E+03   5.9405200E+03   5.9997100E+03   6.0005098E+03   6.0596899E+03   6.0604902E+03
  6.1196802E+03   6.1204800E+03   6.1796602E+03   6.1804600E+03   6.2396499E+03   6.2404502E+03   6.2996299E+03   6.3004302E+03   6.3596201E+03   6.3604199E+03
  6.4196001E+03   6.4203999E+03   6.4795898E+03   6.4803901E+03   6.5395698E+03   6.5403701E+03   6.5995601E+03   6.6003599E+03   6.6595498E+03   6.6603501E+03
  6.7195298E+03   6.7203301E+03   6.7795200E+03   6.7803198E+03   6.8395000E+03   6.8402998E+03   6.8994902E+03   6.9002900E+03   6.9594702E+03   6.9602700E+03
  7.0194600E+03   7.0202598E+03   7.0794399E+03   7.0802402E+03   7.1394302E+03   7.1402300E+03   7.1994102E+03   7.2002100E+03   7.2593999E+03   7.2602002E+03
  7.3193799E+03   7.3201802E+03   7.3793701E+03   7.3801699E+03   7.4393501E+03   7.4401499E+03   7.4993398E+03   7.5001401E+03   7.5593301E+03   7.5601299E+03
  7.6193101E+03   7.6201099E+03   7.6792998E+03   7.6801001E+03   7.7392798E+03   7.7400801E+03   7.8000698E+03   7.8600498E+03   7.9200400E+03   7.9800200E+03
  8.0400000E+03   8.0998999E+03   8.1598999E+03   8.2199004E+03   8.2799004E+03   8.3399004E+03   8.3999004E+03   8.4599004E+03   8.4607002E+03   8.5197998E+03
  8.5205996E+03   8.5797998E+03   8.5805996E+03   8.6397998E+03   8.6405996E+03   8.6997998E+03   8.7005996E+03   8.7597998E+03   8.7605996E+03   8.8197998E+03
  8.8205996E+03   8.8797998E+03   8.8805996E+03   8.9397002E+03   8.9405000E+03   8.9997002E+03   9.0005000E+03   9.0597002E+03   9.0605000E+03   9.1197002E+03
  9.1205000E+03   9.1797002E+03   9.1805000E+03   9.2397002E+03   9.2405000E+03   9.2997002E+03   9.3005000E+03   9.3595996E+03   9.3604004E+03   9.4195996E+03
  9.4204004E+03   9.4795996E+03   9.4804004E+03   9.5395996E+03   9.5404004E+03   9.5995996E+03   9.6004004E+03   9.6595996E+03   9.6604004E+03   9.7195996E+03
  9.7204004E+03   9.7795000E+03   9.7802998E+03   9.8395000E+03   9.8402998E+03   9.8995000E+03   9.9002998E+03   9.9595000E+03   9.9602998E+03   1.0019000E+04
  1.0020000E+04   1.0079000E+04   1.0080000E+04   1.0139000E+04   1.0140000E+04   1.0199000E+04   1.0200000E+04   1.0259000E+04   1.0260000E+04   1.0319000E+04
  1.0320000E+04   1.0379000E+04   1.0380000E+04   1.0439000E+04   1.0440000E+04   1.0499000E+04   1.0500000E+04   1.0559000E+04   1.0560000E+04   1.0619000E+04
  1.0620000E+04   1.0679000E+04   1.0680000E+04   1.0739000E+04   1.0740000E+04   1.0799000E+04   1.0800000E+04   1.0859000E+04   1.0860000E+04   1.0919000E+04
  1.0920000E+04   1.0979000E+04   1.0980000E+04   1.1039000E+04   1.1040000E+04   1.1100000E+04   1.1160000E+04   1.1220000E+04   1.1280000E+04   1.1340000E+04
  1.1399000E+04   1.1459000E+04   1.1519000E+04   1.1579000E+04   1.1639000E+04   1.1699000E+04   1.1700000E+04   1.1759000E+04   1.1760000E+04   1.1819000E+04
  1.1820000E+04   1.1879000E+04   1.1880000E+04   1.1939000E+04   1.1940000E+04   1.1999000E+04   1.2000000E+04   1.2059000E+04   1.2060000E+04   1.2119000E+04
  1.2120000E+04   1.2179000E+04   1.2180000E+04   1.2239000E+04   1.2240000E+04   1.2299000E+04   1.2300000E+04   1.2359000E+04   1.2360000E+04   1.2419000E+04
  1.2420000E+04   1.2479000E+04   1.2480000E+04   1.2539000E+04   1.2540000E+04   1.2599000E+04   1.2600000E+04   1.2659000E+04   1.2660000E+04   1.2719000E+04
  1.2720000E+04   1.2779000E+04   1.2780000E+04   1.2839000E+04   1.2840000E+04   1.2899000E+04   1.2900000E+04   1.2959000E+04   1.2960000E+04   1.3019000E+04
  1.3020000E+04   1.3079000E+04   1.3080000E+04   1.3139000E+04   1.3140000E+04   1.3199000E+04   1.3200000E+04   1.3259000E+04   1.3260000E+04   1.3319000E+04
  1.3320000E+04   1.3379000E+04   1.3380000E+04   1.3439000E+04   1.3440000E+04   1.3499000E+04   1.3500000E+04   1.3559000E+04   1.3560000E+04   1.3619000E+04
  1.3620000E+04   1.3679000E+04   1.3680000E+04   1.3739000E+04   1.3740000E+04   1.3799000E+04   1.3800000E+04   1.3859000E+04   1.3860000E+04   1.3919000E+04
  1.3920000E+04   1.3979000E+04   1.3980000E+04   1.4039000E+04   1.4040000E+04   1.4099000E+04   1.4100000E+04   1.4159000E+04   1.4160000E+04   1.4219000E+04
  1.4220000E+04   1.4279000E+04   1.4280000E+04   1.4340000E+04   1.4400000E+04   1.4460000E+04   1.4520000E+04   1.4580000E+04   1.4640000E+04   1.4699000E+04
  1.4759000E+04   1.4819000E+04   1.4879000E+04   1.4939000E+04   1.4999000E+04   1.5000000E+04   1.5059000E+04   1.5060000E+04   1.5119000E+04   1.5120000E+04
  1.5179000E+04   1.5180000E+04   1.5239000E+04   1.5240000E+04   1.5299000E+04   1.5300000E+04   1.5359000E+04   1.5360000E+04   1.5419000E+04   1.5420000E+04
  1.5479000E+04   1.5480000E+04   1.5539000E+04   1.5540000E+04   1.5599000E+04   1.5600000E+04   1.5659000E+04   1.5660000E+04   1.5719000E+04   1.5720000E+04
  1.5779000E+04   1.5780000E+04   1.5839000E+04   1.5840000E+04   1.5899000E+04   1.5900000E+04   1.5959000E+04   1.5960000E+04   1.6019000E+04   1.6020000E+04
  1.6079000E+04   1.6080000E+04   1.6139000E+04   1.6140000E+04   1.6199000E+04   1.6200000E+04   1.6259000E+04   1.6260000E+04   1.6319000E+04   1.6320000E+04
  1.6379000E+04   1.6380000E+04   1.6439000E+04   1.6440000E+04   1.6499000E+04   1.6500000E+04   1.6559000E+04   1.6560000E+04   1.6619000E+04   1.6620000E+04
  1.6679000E+04   1.6680000E+04   1.6739000E+04   1.6799000E+04   1.6860000E+04   1.6919000E+04   1.6920000E+04   1.6979000E+04   1.6980000E+04   1.7039000E+04
  1.7040000E+04   1.7099000E+04   1.7100000E+04   1.7159000E+04   1.7160000E+04   1.7219000E+04   1.7220000E+04   1.7279000E+04   1.7280000E+04   1.7339000E+04
  1.7340000E+04   1.7399000E+04   1.7400000E+04   1.7459000E+04   1.7460000E+04   1.7519000E+04   1.7520000E+04   1.7579000E+04   1.7640000E+04   1.7700000E+04
  1.7759000E+04   1.7760000E+04   1.7819000E+04   1.7820000E+04   1.7879000E+04   1.7880000E+04   1.7939000E+04   1.7940000E+04   1.7999000E+04   1.8000000E+04
  1.8059000E+04   1.8060000E+04   1.8119000E+04   1.8120000E+04   1.8179000E+04   1.8180000E+04   1.8239000E+04   1.8240000E+04   1.8299000E+04   1.8300000E+04
  1.8359000E+04   1.8360000E+04   1.8419000E+04   1.8480000E+04   1.8540000E+04   1.8599000E+04   1.8600000E+04   1.8659000E+04   1.8660000E+04   1.8719000E+04
  1.8720000E+04   1.8779000E+04   1.8780000E+04   1.8839000E+04   1.8840000E+04   1.8899000E+04   1.8900000E+04   1.8959000E+04   1.8960000E+04   1.9019000E+04
  1.9020000E+04   1.9079000E+04   1.9080000E+04   1.9139000E+04   1.9140000E+04   1.9199000E+04   1.9259000E+04   1.9320000E+04   1.9379000E+04   1.9380000E+04
  1.9439000E+04   1.9440000E+04   1.9499000E+04   1.9500000E+04   1.9559000E+04   1.9560000E+04   1.9619000E+04   1.9620000E+04   1.9679000E+04   1.9680000E+04
  1.9739000E+04   1.9740000E+04   1.9799000E+04   1.9800000E+04   1.9859000E+04   1.9860000E+04   1.9919000E+04   1.9920000E+04   1.9979000E+04   1.9980000E+04
  2.0039000E+04   2.0100000E+04   2.0160000E+04   2.0219000E+04   2.0220000E+04   2.0279000E+04   2.0280000E+04   2.0339000E+04   2.0340000E+04   2.0399000E+04
  2.0400000E+04   2.0459000E+04   2.0460000E+04   2.0519000E+04   2.0520000E+04   2.0579000E+04   2.0580000E+04   2.0639000E+04   2.0640000E+04   2.0699000E+04
  2.0700000E+04   2.0759000E+04   2.0760000E+04   2.0819000E+04   2.0820000E+04   2.0879000E+04   2.0940000E+04   2.1000000E+04   2.1059000E+04   2.1060000E+04
  2.1119000E+04   2.1120000E+04   2.1179000E+04   2.1180000E+04   2.1239000E+04   2.1240000E+04   2.1299000E+04   2.1300000E+04   2.1359000E+04   2.1360000E+04
  2.1419000E+04   2.1420000E+04   2.1479000E+04   2.1480000E+04   2.1539000E+04   2.1540000E+04   2.1599000E+04   2.1600000E+04   2.1659000E+04   2.1719000E+04
  2.1780000E+04   2.1839000E+04   2.1840000E+04   2.1899000E+04   2.1900000E+04   2.1959000E+04   2.1960000E+04   2.2019000E+04   2.2020000E+04   2.2079000E+04
  2.2080000E+04   2.2139000E+04   2.2140000E+04   2.2199000E+04   2.2200000E+04   2.2259000E+04   2.2260000E+04   2.2319000E+04   2.2320000E+04   2.2379000E+04
  2.2380000E+04   2.2439000E+04   2.2440000E+04   2.2499000E+04   2.2560000E+04   2.2620000E+04   2.2679000E+04   2.2680000E+04   2.2739000E+04   2.2740000E+04
  2.2799000E+04   2.2800000E+04   2.2859000E+04   2.2860000E+04   2.2919000E+04   2.2920000E+04   2.2979000E+04   2.2980000E+04   2.3039000E+04   2.3040000E+04
  2.3099000E+04   2.3100000E+04   2.3159000E+04   2.3160000E+04   2.3219000E+04   2.3220000E+04   2.3279000E+04   2.3280000E+04   2.3339000E+04   2.3400000E+04
  2.3460000E+04   2.3519000E+04   2.3520000E+04   2.3579000E+04   2.3580000E+04   2.3639000E+04   2.3640000E+04   2.3699000E+04   2.3700000E+04   2.3759000E+04
  2.3760000E+04   2.3819000E+04   2.3820000E+04   2.3879000E+04   2.3880000E+04   2.3939000E+04   2.3940000E+04   2.3999000E+04   2.4000000E+04   2.4059000E+04
  2.4060000E+04   2.4119000E+04   2.4179000E+04   2.4240000E+04   2.4299000E+04   2.4300000E+04   2.4359000E+04   2.4360000E+04   2.4419000E+04   2.4420000E+04
  2.4479000E+04   2.4480000E+04   2.4539000E+04   2.4540000E+04   2.4599000E+04   2.4600000E+04   2.4659000E+04   2.4660000E+04   2.4719000E+04   2.4720000E+04
  2.4779000E+04   2.4780000E+04   2.4839000E+04   2.4840000E+04   2.4899000E+04   2.4900000E+04   2.4959000E+04   2.5020000E+04   2.5080000E+04   2.5139000E+04
  2.5140000E+04   2.5199000E+04   2.5200000E+04   2.5259000E+04   2.5260000E+04   2.5319000E+04   2.5320000E+04   2.5379000E+04   2.5380000E+04   2.5439000E+04
  2.5440000E+04   2.5499000E+04   2.5500000E+04   2.5559000E+04   2.5560000E+04   2.5619000E+04   2.5620000E+04   2.5679000E+04   2.5680000E+04   2.5739000E+04
  2.5740000E+04   2.5799000E+04   2.5860000E+04   2.5920000E+04   2.5979000E+04   2.5980000E+04   2.6039000E+04   2.6040000E+04   2.6099000E+04   2.6100000E+04
  2.6159000E+04   2.6160000E+04   2.6219000E+04   2.6220000E+04   2.6279000E+04   2.6280000E+04   2.6339000E+04   2.6340000E+04   2.6399000E+04   2.6400000E+04
  2.6459000E+04   2.6460000E+04   2.6519000E+04   2.6520000E+04   2.6579000E+04   2.6639000E+04   2.6700000E+04   2.6759000E+04   2.6760000E+04   2.6819000E+04
  2.6820000E+04   2.6879000E+04   2.6880000E+04   2.6939000E+04   2.6940000E+04   2.6999000E+04   2.7000000E+04   2.7059000E+04   2.7060000E+04   2.7119000E+04
  2.7120000E+04   2.7179000E+04   2.7180000E+04   2.7239000E+04   2.7240000E+04   2.7299000E+04   2.7300000E+04   2.7359000E+04   2.7360000E+04   2.7419000E+04
  2.7480000E+04   2.7540000E+04   2.7599000E+04   2.7600000E+04   2.7659000E+04   2.7660000E+04   2.7719000E+04   2.7720000E+04   2.7779000E+04   2.7780000E+04
  2.7839000E+04   2.7840000E+04   2.7899000E+04   2.7900000E+04   2.7959000E+04   2.7960000E+04   2.8019000E+04   2.8020000E+04   2.8079000E+04   2.8080000E+04
  2.8139000E+04   2.8140000E+04   2.8199000E+04   2.8200000E+04   2.8259000E+04   2.8320000E+04   2.8380000E+04   2.8439000E+04   2.8440000E+04   2.8499000E+04
  2.8500000E+04   2.8559000E+04   2.8560000E+04   2.8619000E+04   2.8620000E+04   2.8679000E+04   2.8680000E+04   2.8739000E+04   2.8740000E+04   2.8799000E+04
  2.8800000E+04   2.8859000E+04   2.8860000E+04   2.8919000E+04   2.8920000E+04   2.8979000E+04   2.8980000E+04   2.9039000E+04   2.9099000E+04   2.9160000E+04
  2.9219000E+04   2.9220000E+04   2.9279000E+04   2.9280000E+04   2.9339000E+04   2.9340000E+04   2.9399000E+04   2.9400000E+04   2.9459000E+04   2.9460000E+04
  2.9519000E+04   2.9520000E+04   2.9579000E+04   2.9580000E+04   2.9639000E+04   2.9640000E+04   2.9699000E+04   2.9700000E+04   2.9759000E+04   2.9760000E+04
  2.9819000E+04   2.9820000E+04   2.9879000E+04   2.9940000E+04   3.0000000E+04   3.0059000E+04   3.0060000E+04   3.0119000E+04   3.0120000E+04   3.0179000E+04
  3.0180000E+04   3.0239000E+04   3.0240000E+04   3.0299000E+04   3.0300000E+04   3.0359000E+04   3.0360000E+04   3.0419000E+04   3.0420000E+04   3.0479000E+04
  3.0480000E+04   3.0539000E+04   3.0540000E+04   3.0599000E+04   3.0600000E+04   3.0659000E+04   3.0660000E+04   3.0719000E+04   3.0780000E+04   3.0840000E+04
  3.0899000E+04   3.0900000E+04   3.0959000E+04   3.0960000E+04   3.1019000E+04   3.1020000E+04   3.1079000E+04   3.1080000E+04   3.1139000E+04   3.1140000E+04
  3.1199000E+04   3.1200000E+04   3.1259000E+04   3.1260000E+04   3.1319000E+04   3.1320000E+04   3.1379000E+04   3.1380000E+04   3.1439000E+04   3.1440000E+04
  3.1499000E+04   3.1559000E+04   3.1620000E+04   3.1679000E+04   3.1680000E+04   3.1739000E+04   3.1740000E+04   3.1799000E+04   3.1800000E+04   3.1859000E+04
  3.1860000E+04   3.1919000E+04   3.1920000E+04   3.1979000E+04   3.1980000E+04   3.2039000E+04   3.2040000E+04   3.2099000E+04   3.2100000E+04   3.2159000E+04
  3.2160000E+04   3.2219000E+04   3.2220000E+04   3.2279000E+04   3.2280000E+04   3.2339000E+04   3.2400000E+04
  9.8437706E+01   1.0815495E+02   1.0970911E+02   1.1139502E+02   1.2076390E+02   1.2039317E+02   1.2046841E+02   1.2190936E+02   1.3397937E+02   1.3450078E+02
  1.3299248E+02   1.3459813E+02   1.4509395E+02   1.4753941E+02   1.4896042E+02   1.4538176E+02   1.4506081E+02   1.4573819E+02   1.4724632E+02   1.5702895E+02
  1.5934235E+02   1.5853889E+02   1.5793401E+02   1.5830348E+02   1.6134805E+02   1.6249794E+02   1.6235403E+02   1.7448605E+02   1.7413928E+02   1.7037999E+02
  1.6907434E+02   1.7079185E+02   1.7083351E+02   1.7133557E+02   1.7130066E+02   1.7026982E+02   1.7027034E+02   1.7254266E+02   1.7259648E+02   1.7750595E+02
  1.7756732E+02   1.8261241E+02   1.8262320E+02   1.8187383E+02   1.8189630E+02   1.8368005E+02   1.8368196E+02   1.8297200E+02   1.8297461E+02   1.8329904E+02
  1.8327567E+02   1.8272040E+02   1.8277017E+02   1.8528397E+02   1.8530621E+02   1.8517349E+02   1.8512161E+02   1.8430849E+02   1.8436040E+02   1.8802377E+02
  1.8805269E+02   1.8686659E+02   1.8679195E+02   1.8537898E+02   1.8538252E+02   1.9399771E+02   1.9397491E+02   1.9814951E+02   1.9821384E+02   1.8887225E+02
  1.8882915E+02   1.8958752E+02   1.8962961E+02   1.9394533E+02   1.9395474E+02   1.9417043E+02   1.9415869E+02   1.9560257E+02   1.9561603E+02   1.9729825E+02
  1.9728275E+02   1.9427536E+02   1.9434108E+02   1.9416965E+02   1.9419354E+02   1.9557300E+02   1.9554990E+02   1.9641077E+02   1.9643951E+02   1.9793524E+02
  1.9798088E+02   2.0056067E+02   2.0057060E+02   1.9749464E+02   1.9743658E+02   1.9635649E+02   1.9641762E+02   2.0232283E+02   2.0768794E+02   2.0341278E+02
  2.0875523E+02   2.0935294E+02   2.0762653E+02   2.0665964E+02   2.0645618E+02   2.0788622E+02   2.0858350E+02   2.0715224E+02   2.0868402E+02   2.0869772E+02
  2.0918121E+02   2.0915630E+02   2.1145738E+02   2.1145859E+02   2.1089406E+02   2.1089082E+02   2.1025896E+02   2.1028059E+02   2.1291002E+02   2.1294879E+02
  2.1079800E+02   2.1073541E+02   2.1028462E+02   2.1031813E+02   2.1380229E+02   2.1383093E+02   2.1521788E+02   2.1527472E+02   2.2139493E+02   2.2139529E+02
  2.1152144E+02   2.1148552E+02   2.1356357E+02   2.1361960E+02   2.2024557E+02   2.2029863E+02   2.2132149E+02   2.2128905E+02   2.1905037E+02   2.1905040E+02
  2.1906924E+02   2.1909090E+02   2.2033250E+02   2.2038853E+02   2.2279007E+02   2.2283441E+02   2.2347739E+02   2.2345364E+02   2.1954309E+02   2.1957692E+02
  2.2014108E+02   2.2010173E+02   2.2063159E+02   2.2071413E+02   2.2270341E+02   2.2266412E+02   2.2025189E+02   2.2022250E+02   2.2188017E+02   2.2190637E+02
  2.2152438E+02   2.2148517E+02   2.2020084E+02   2.2021297E+02   2.2027168E+02   2.2025749E+02   2.2176799E+02   2.2174670E+02   2.2149217E+02   2.2149165E+02
  2.2313643E+02   2.2322046E+02   2.2672263E+02   2.2678178E+02   2.2906067E+02   2.2913254E+02   2.2799310E+02   2.2789780E+02   2.2414856E+02   2.2417676E+02
  2.2448817E+02   2.2448634E+02   2.2159334E+02   2.2159334E+02   2.2551993E+02   2.2555363E+02   2.2883311E+02   2.2885898E+02   2.2623044E+02   2.2624222E+02
  2.2726140E+02   2.2727846E+02   2.2696849E+02   2.2696999E+02   2.2997130E+02   2.3000998E+02   2.3397446E+02   2.3421440E+02   2.3253940E+02   2.3321519E+02
  2.3494606E+02   2.3674197E+02   2.3682156E+02   2.3908784E+02   2.3713445E+02   2.3565421E+02   2.3698235E+02   2.3742551E+02   2.3740494E+02   2.3853868E+02
  2.3853682E+02   2.3625703E+02   2.3624753E+02   2.3643713E+02   2.3646628E+02   2.3968259E+02   2.3965268E+02   2.4012309E+02   2.4022330E+02   2.4014543E+02
  2.4014240E+02   2.3837674E+02   2.3839626E+02   2.3691283E+02   2.3694110E+02   2.3580542E+02   2.3584343E+02   2.3915738E+02   2.3921376E+02   2.2989958E+02
  2.2993137E+02   2.3774055E+02   2.3771764E+02   2.3860834E+02   2.3866321E+02   2.3909763E+02   2.3909625E+02   2.4073250E+02   2.4077679E+02   2.4309843E+02
  2.4310048E+02   2.3884988E+02   2.3885118E+02   2.4263345E+02   2.4272366E+02   2.4520979E+02   2.4518317E+02   2.4556299E+02   2.4556296E+02   2.4327919E+02
  2.4329167E+02   2.4587001E+02   2.4587666E+02   2.4775697E+02   2.4766704E+02   2.3994594E+02   2.4001729E+02   2.4763680E+02   2.4760199E+02   2.4390756E+02
  2.4398549E+02   2.4733768E+02   2.4741957E+02   2.4220383E+02   2.4219673E+02   2.4659868E+02   2.4654024E+02   2.4308534E+02   2.4304414E+02   2.4337643E+02
  2.4338371E+02   2.4549353E+02   2.4544308E+02   2.4761719E+02   2.4767169E+02   2.5141234E+02   2.5137102E+02   2.4757091E+02   2.4761116E+02   2.4810727E+02
  2.4810727E+02   2.4039522E+02   2.4032115E+02   2.4051810E+02   2.4051750E+02   2.4061975E+02   2.4060133E+02   2.4219023E+02   2.4227667E+02   2.4200986E+02
  2.4206206E+02   2.4645287E+02   2.4637234E+02   2.4748938E+02   2.4337010E+02   2.4311015E+02   2.4000142E+02   2.4329039E+02   2.5025555E+02   2.5287906E+02
  2.5341901E+02   2.5195738E+02   2.5298059E+02   2.5232454E+02   2.5491675E+02   2.5591737E+02   2.5593925E+02   2.6282709E+02   2.6278159E+02   2.5571478E+02
  2.5576271E+02   2.6006042E+02   2.6010672E+02   2.6223355E+02   2.6223181E+02   2.6231021E+02   2.6226614E+02   2.5819019E+02   2.5823282E+02   2.6123972E+02
  2.6123950E+02   2.5839960E+02   2.5835938E+02   2.5786469E+02   2.5786469E+02   2.5834790E+02   2.5834750E+02   2.5844385E+02   2.5840475E+02   2.5945651E+02
  2.5952533E+02   2.5998398E+02   2.5988535E+02   2.6010330E+02   2.6013370E+02   2.6190143E+02   2.6195383E+02   2.5485951E+02   2.5486330E+02   2.5482675E+02
  2.5487119E+02   2.6126132E+02   2.6128235E+02   2.5489761E+02   2.5490074E+02   2.5438925E+02   2.5434872E+02   2.5470633E+02   2.5469308E+02   2.5327808E+02
  2.5323268E+02   2.5228421E+02   2.5229007E+02   2.5388026E+02   2.5396591E+02   2.5519603E+02   2.5519333E+02   2.5480106E+02   2.5476393E+02   2.5431265E+02
  2.5434573E+02   2.5243376E+02   2.5243497E+02   2.5243765E+02   2.5246329E+02   2.5272649E+02   2.5275934E+02   2.5461848E+02   2.5461548E+02   2.5291953E+02
  2.5293915E+02   2.5487856E+02   2.5484305E+02   2.5054050E+02   2.5057544E+02   2.5002153E+02   2.5001865E+02   2.5357281E+02   2.5361441E+02   2.6420319E+02
  2.6429688E+02   2.5558855E+02   2.5555690E+02   2.5286925E+02   2.5279752E+02   2.5288838E+02   2.5300870E+02   2.6401031E+02   2.6401675E+02   2.5075964E+02
  2.5063326E+02   2.4898973E+02   2.4905835E+02   2.4140253E+02   2.4304613E+02   2.5582668E+02   2.5262686E+02   2.5618045E+02   2.5556523E+02   2.5427484E+02
  2.6338483E+02   2.5561185E+02   2.5552065E+02   2.5621054E+02   2.5491643E+02   2.5492900E+02   2.4309383E+02   2.4305914E+02   2.5565604E+02   2.5561024E+02
  2.6118600E+02   2.6118063E+02   2.5505278E+02   2.5497324E+02   2.5430310E+02   2.5435948E+02   2.6078854E+02   2.6072183E+02   2.6204254E+02   2.6210455E+02
  2.6158945E+02   2.6157083E+02   2.6320367E+02   2.6318423E+02   2.3022087E+02   2.5591321E+02   2.5504984E+02   2.5504994E+02   2.5478879E+02   2.5482428E+02
  2.5527431E+02   2.5528171E+02   2.5353113E+02   2.5355759E+02   2.5604349E+02   2.5612369E+02   2.5970743E+02   2.5970657E+02   2.5545834E+02   2.5546185E+02
  2.5389398E+02   2.5386409E+02   2.5472273E+02   2.5471907E+02   2.5461006E+02   2.5464383E+02   2.5551964E+02   2.5547777E+02   2.5562090E+02   2.5567126E+02
  2.5647742E+02   2.5646143E+02   2.5556572E+02   2.5557076E+02   2.5578949E+02   2.5579211E+02   2.5524207E+02   2.5524052E+02   2.5285551E+02   2.5285551E+02
  2.5375809E+02   2.5383392E+02   2.4232425E+02   2.5329933E+02   2.5445068E+02   2.5584219E+02   2.5587984E+02   2.6107007E+02   2.6107690E+02   2.4313524E+02
  2.4313725E+02   2.4285617E+02   2.4282251E+02   2.6313373E+02   2.6310297E+02   2.6135730E+02   2.6135269E+02   2.4253815E+02   2.4257819E+02   2.6206876E+02
  2.5653854E+02   2.5440958E+02   2.5436728E+02   2.4012552E+02   2.4012302E+02   2.4151355E+02   2.4158226E+02   2.4261763E+02   2.6278168E+02   2.6616888E+02
  2.4250583E+02   2.4243025E+02   2.4288371E+02   2.4292398E+02   2.6667554E+02   2.6667471E+02   2.5350484E+02   2.5352289E+02   2.6564413E+02   2.6557889E+02
  2.6253445E+02   2.6248407E+02   2.5472771E+02   2.5471654E+02   2.5512178E+02   2.5514452E+02   2.5657376E+02   2.5655765E+02   2.4313841E+02   2.4311485E+02
  2.5480765E+02   2.5486067E+02   2.5615125E+02   2.5536736E+02   2.6373578E+02   2.6465930E+02   2.6466409E+02   2.5547304E+02   2.5552715E+02   2.6896768E+02
  2.6900104E+02   2.6274222E+02   2.6274481E+02   2.6541507E+02   2.6544818E+02   2.5655792E+02   2.5650031E+02   2.6445740E+02   2.6454877E+02   2.6826999E+02
  2.6820755E+02   2.6552048E+02   2.4341573E+02   2.4309669E+02   2.4313155E+02   2.5490416E+02   2.6587177E+02   2.6619455E+02   2.6960461E+02   2.6958890E+02
  2.5619922E+02   2.5623138E+02   2.5514134E+02   2.5513585E+02   2.5556143E+02   2.5556915E+02   2.5524327E+02   2.5521358E+02   2.5495332E+02   2.5495744E+02
  2.5536513E+02   2.5532545E+02   2.5294785E+02   2.5291916E+02   2.5438402E+02   2.5448073E+02   2.6556293E+02   2.6561575E+02   2.6570554E+02   2.6567291E+02
  2.5219197E+02   2.2992317E+02   2.5509914E+02   2.5364285E+02   2.5367461E+02   2.4309503E+02   2.4302226E+02   2.4051476E+02   2.4053893E+02   2.4330875E+02
  2.4337781E+02   2.5238667E+02   2.5238356E+02   2.5158693E+02   2.5152789E+02   2.5141168E+02   2.5141078E+02   2.5209610E+02   2.5216406E+02   2.5362587E+02
  2.5359555E+02   2.4297739E+02   2.4296776E+02   2.5136511E+02   2.5140225E+02   2.5289020E+02   2.5349796E+02   2.5448860E+02   2.5537384E+02   2.5534639E+02
  2.5535968E+02   2.5541324E+02   2.5370203E+02   2.5367834E+02   2.4203835E+02   2.4203757E+02   2.4187265E+02   2.4183368E+02   2.4071964E+02   2.4071315E+02
  2.5142943E+02   2.5140251E+02   2.4136591E+02   2.4126666E+02   2.3947002E+02   2.3949574E+02   2.4056171E+02   2.4056927E+02   2.4021529E+02   2.4938510E+02
  2.4123311E+02   2.4311533E+02   2.4304604E+02   2.5159167E+02   2.5158566E+02   2.4165579E+02   2.4158781E+02   2.3876930E+02   2.3878157E+02   2.4224402E+02
  2.4232077E+02   2.5370058E+02   2.5372310E+02   2.2926463E+02   2.2920386E+02   2.2931383E+02   2.2934618E+02   2.3926904E+02   2.3923824E+02   2.4145204E+02
  2.4148521E+02   2.3950734E+02   2.3949260E+02   2.2903333E+02   2.3864798E+02   2.2947145E+02   2.4147438E+02   2.4146696E+02   2.4018921E+02   2.4022134E+02
  2.4268207E+02   2.4267569E+02   2.3983682E+02   2.3978197E+02   2.3954143E+02   2.3956775E+02   2.3949913E+02   2.3948972E+02   2.3868680E+02   2.3869093E+02
  2.3874008E+02   2.3873956E+02   2.3929472E+02   2.3929921E+02   2.3885703E+02   2.3887535E+02   2.4033240E+02   2.4037363E+02   2.3952646E+02   2.3862029E+02
  2.4222168E+02   2.4140619E+02   2.4140372E+02   2.4190501E+02   2.4189937E+02   2.3940694E+02   2.3937999E+02   2.3997537E+02   2.3997127E+02   2.3957269E+02
  2.3960982E+02   2.4151735E+02   2.4148468E+02   2.4012035E+02   2.4014763E+02   2.3838797E+02   2.3838367E+02   2.4139275E+02   2.4145871E+02   2.4087352E+02
  2.4084930E+02   2.4154544E+02   2.4831870E+02   2.4077240E+02   2.3739424E+02   2.3742555E+02   2.4155486E+02   2.4165889E+02   2.5011656E+02   2.5009145E+02
  2.4089049E+02   2.4077779E+02   2.4188643E+02   2.4193431E+02   2.4238129E+02   2.4239954E+02   2.5151366E+02   2.5149545E+02   2.4009850E+02   2.4006049E+02
  2.5257959E+02   2.5256776E+02   2.5155357E+02   2.5150421E+02   2.4286255E+02   2.4282506E+02   2.4117676E+02   2.4284686E+02   2.4953896E+02   2.3784499E+02
  2.3779242E+02   2.4002603E+02   2.4003011E+02   2.4176048E+02   2.4182843E+02   2.5118011E+02   2.5121002E+02   2.4332544E+02   2.4329211E+02   2.5360266E+02
  2.5366185E+02   2.3021083E+02   2.3015013E+02   2.4324896E+02   2.4321614E+02   2.4247075E+02   2.4245508E+02   2.5349915E+02   2.5354327E+02   2.5539558E+02
  2.5541458E+02   2.4230200E+02   2.4158098E+02   2.4951277E+02   2.4096953E+02   2.4090244E+02   2.4968315E+02   2.4968480E+02   2.4083827E+02   2.4075928E+02
  2.4185104E+02   2.4193758E+02   2.4138780E+02   2.4129404E+02   2.3847661E+02   2.3848175E+02   2.4155220E+02   2.4156161E+02   2.4166513E+02   2.4170181E+02
  2.3979308E+02   2.3975502E+02   2.4037740E+02   2.4038199E+02   2.3810907E+02   2.4199622E+02   2.4094931E+02   2.3774226E+02   2.3777638E+02   2.4219740E+02
  2.4223112E+02   2.4208324E+02   2.4212360E+02   2.4077455E+02   2.4075645E+02   2.4147073E+02   2.4149475E+02   2.4786067E+02   2.4791948E+02   2.4306688E+02
  2.4304190E+02   2.4299028E+02   2.4304353E+02   2.4209482E+02   2.4206824E+02   2.4182982E+02   2.4183493E+02   2.5541136E+02   2.5538930E+02   2.5499901E+02
  2.5022464E+02   2.4246706E+02   2.5527608E+02   2.5525160E+02   2.5297998E+02   2.5295720E+02   2.4314243E+02   2.4313818E+02   2.5457684E+02   2.5461954E+02
  2.5453745E+02   2.5454648E+02   2.4301466E+02   2.4292564E+02   2.5474323E+02   2.5469864E+02   2.6630881E+02   2.6627631E+02   2.5520052E+02   2.5508893E+02
  2.5275722E+02   2.5279214E+02   2.5583357E+02   2.5585271E+02   2.5466992E+02   2.4079842E+02   2.4216045E+02   2.5145352E+02   2.5142310E+02   2.4860591E+02
  2.4854013E+02   2.5204446E+02   2.5207874E+02   2.5220741E+02   2.5218881E+02   2.5099547E+02   2.5099539E+02   2.4135913E+02   2.4132890E+02   2.4238843E+02
  2.4236232E+02   2.3962262E+02   2.3961972E+02   2.3975021E+02   2.3978979E+02   2.4303120E+02   2.4312923E+02   2.5363782E+02   2.4579305E+02   2.4961424E+02
  2.5151125E+02   2.5151595E+02   2.5067099E+02   2.5068150E+02   2.5037808E+02   2.5049323E+02   2.5366750E+02   2.5368640E+02   2.5250313E+02   2.5247144E+02
  2.5017964E+02   2.5013457E+02   2.4857413E+02   2.4864638E+02   2.4324168E+02   2.4327730E+02   2.5387375E+02   2.5389799E+02   2.5106827E+02   2.5098837E+02
  2.5362260E+02   2.5366974E+02   2.5041855E+02   2.4984064E+02   2.5175645E+02   2.5215471E+02   2.5221945E+02   2.4290233E+02   2.4293881E+02   2.4781078E+02
  2.4774500E+02   2.5062656E+02   2.5066586E+02   2.3937843E+02   2.3935927E+02   2.4311035E+02   2.4310966E+02   2.4296140E+02   2.4293044E+02   2.5018962E+02
  2.5018883E+02   2.4299294E+02   2.4298773E+02   2.4766722E+02   2.4766818E+02   2.4263622E+02   2.4259990E+02   2.4020439E+02   2.4175073E+02   2.5036072E+02
  2.4330989E+02   2.4327716E+02   2.5069588E+02   2.5069759E+02   2.4229987E+02   2.4225867E+02   2.4199583E+02   2.4202518E+02   2.4216400E+02   2.4218575E+02
  2.4148047E+02   2.4144223E+02   2.3916118E+02   2.3916621E+02   2.4271521E+02   2.4277557E+02   2.5189323E+02   2.5182663E+02   2.4893103E+02   2.4899008E+02
  2.4142516E+02   2.4132590E+02   2.4818739E+02   2.5038620E+02   2.5041972E+02   2.4985556E+02   2.4985541E+02   2.5163210E+02   2.5156737E+02   2.4305138E+02
  2.4310287E+02   2.4917021E+02   2.4915857E+02   2.5166766E+02   2.5172801E+02   2.5166069E+02   2.5160475E+02   2.4838730E+02   2.4831764E+02   2.5148930E+02
  2.5156450E+02   2.5168155E+02   2.5162227E+02   2.4776697E+02   2.4773492E+02   2.4911871E+02   2.5094775E+02
 -1.9090000E-03  -2.0349999E-03  -2.1540001E-03  -2.2630000E-03  -2.3930001E-03  -2.5460001E-03  -2.6680001E-03  -2.7930001E-03  -2.9320000E-03  -3.0169999E-03
 -3.0769999E-03  -3.2190001E-03  -3.3710001E-03  -3.4850000E-03  -3.5699999E-03  -3.7330000E-03  -3.8490000E-03  -3.9630001E-03  -4.0899999E-03  -4.1789999E-03
 -4.2229998E-03  -4.3210001E-03  -4.4359998E-03  -4.5790002E-03  -4.6979999E-03  -4.8570000E-03  -4.9859998E-03  -5.0249998E-03  -5.0860001E-03  -5.1779998E-03
 -5.2530002E-03  -5.3650001E-03  -5.3670001E-03  -5.5020000E-03  -5.5049998E-03  -5.6750001E-03  -5.6779999E-03  -5.7850000E-03  -5.7890001E-03  -5.8970000E-03
 -5.8980002E-03  -5.9779999E-03  -5.9810001E-03  -5.9799999E-03  -5.9810001E-03  -6.0220002E-03  -6.0180002E-03  -6.0330001E-03  -6.0330001E-03  -6.0749999E-03
 -6.0740001E-03  -6.1889999E-03  -6.1889999E-03  -6.2560001E-03  -6.2560001E-03  -6.3149999E-03  -6.3160001E-03  -6.3890000E-03  -6.3900002E-03  -6.4320001E-03
 -6.4340001E-03  -6.4750002E-03  -6.4739999E-03  -6.4730002E-03  -6.4719999E-03  -6.4460002E-03  -6.4470000E-03  -6.4710001E-03  -6.4710001E-03  -6.5250001E-03
 -6.5270001E-03  -6.5529998E-03  -6.5549999E-03  -6.5890001E-03  -6.5899999E-03  -6.6060000E-03  -6.6080000E-03  -6.6370000E-03  -6.6359998E-03  -6.6769999E-03
 -6.6740001E-03  -6.6860002E-03  -6.6840001E-03  -6.7050001E-03  -6.7070001E-03  -6.7489999E-03  -6.7509999E-03  -6.7909998E-03  -6.7909998E-03  -6.8870001E-03
 -6.8879998E-03  -6.9960002E-03  -6.9970000E-03  -7.1390001E-03  -7.1419999E-03  -7.2610001E-03  -7.2610001E-03  -7.3540001E-03  -7.4209999E-03  -7.4979998E-03
 -7.5759999E-03  -7.5520002E-03  -7.4970000E-03  -7.5200000E-03  -7.6790000E-03  -7.8140004E-03  -7.8220004E-03  -7.8550000E-03  -7.9389997E-03  -7.9410002E-03
 -7.9530003E-03  -7.9509998E-03  -7.9119997E-03  -7.9119997E-03  -7.9119997E-03  -7.9130000E-03  -8.0260001E-03  -8.0300001E-03  -8.1669996E-03  -8.1679998E-03
 -8.1879999E-03  -8.1869997E-03  -8.1949998E-03  -8.1949998E-03  -8.2440004E-03  -8.2449997E-03  -8.2900003E-03  -8.2900003E-03  -8.3389999E-03  -8.3389999E-03
 -8.3670001E-03  -8.3689997E-03  -8.3579998E-03  -8.3569996E-03  -8.3499998E-03  -8.3489995E-03  -8.3980002E-03  -8.4020002E-03  -8.5770003E-03  -8.5789999E-03
 -8.6989999E-03  -8.7010004E-03  -8.7019997E-03  -8.7029999E-03  -8.6519998E-03  -8.6500002E-03  -8.6080004E-03  -8.6070001E-03  -8.6209998E-03  -8.6209998E-03
 -8.7569999E-03  -8.7580001E-03  -8.9649996E-03  -8.9649996E-03  -9.0250000E-03  -9.0269996E-03  -9.0250000E-03  -9.0260003E-03  -8.9889998E-03  -8.9889998E-03
 -8.9490004E-03  -8.9490004E-03  -8.9630000E-03  -8.9609995E-03  -9.0159997E-03  -9.0180002E-03  -9.0490002E-03  -9.0490002E-03  -9.0790000E-03  -9.0770004E-03
 -9.1450000E-03  -9.1460003E-03  -9.2639998E-03  -9.2660002E-03  -9.3289996E-03  -9.3270000E-03  -9.3090003E-03  -9.3080001E-03  -9.3430001E-03  -9.3430001E-03
 -9.4710002E-03  -9.4720004E-03  -9.5840003E-03  -9.5859999E-03  -9.6279997E-03  -9.6279997E-03  -9.6610002E-03  -9.6589997E-03  -9.6789999E-03  -9.6779997E-03
 -9.7200004E-03  -9.7190002E-03  -9.8110000E-03  -9.8099997E-03  -9.8270001E-03  -9.8249996E-03  -9.8320004E-03  -9.8879999E-03  -1.0012000E-02  -1.0086000E-02
 -1.0070000E-02  -1.0032000E-02  -1.0039000E-02  -1.0118000E-02  -1.0151000E-02  -1.0123000E-02  -1.0106000E-02  -1.0154000E-02  -1.0157000E-02  -1.0268000E-02
 -1.0270000E-02  -1.0358000E-02  -1.0358000E-02  -1.0310000E-02  -1.0309000E-02  -1.0197000E-02  -1.0196000E-02  -1.0163000E-02  -1.0162000E-02  -1.0350000E-02
 -1.0354000E-02  -1.0563000E-02  -1.0567000E-02  -1.0723000E-02  -1.0721000E-02  -1.0791000E-02  -1.0788000E-02  -1.0762000E-02  -1.0763000E-02  -1.0765000E-02
 -1.0765000E-02  -1.0798000E-02  -1.0798000E-02  -1.0813000E-02  -1.0814000E-02  -1.1008000E-02  -1.1013000E-02  -1.1197000E-02  -1.1197000E-02  -1.1204000E-02
 -1.1205000E-02  -1.1147000E-02  -1.1149000E-02  -1.1130000E-02  -1.1132000E-02  -1.1164000E-02  -1.1165000E-02  -1.1179000E-02  -1.1180000E-02  -1.1218000E-02
 -1.1221000E-02  -1.1216000E-02  -1.1215000E-02  -1.1191000E-02  -1.1191000E-02  -1.1202000E-02  -1.1204000E-02  -1.1334000E-02  -1.1334000E-02  -1.1410000E-02
 -1.1409000E-02  -1.1464000E-02  -1.1466000E-02  -1.1504000E-02  -1.1505000E-02  -1.1484000E-02  -1.1483000E-02  -1.1470000E-02  -1.1469000E-02  -1.1548000E-02
 -1.1550000E-02  -1.1630000E-02  -1.1631000E-02  -1.1611000E-02  -1.1613000E-02  -1.1565000E-02  -1.1564000E-02  -1.1540000E-02  -1.1541000E-02  -1.1584000E-02
 -1.1585000E-02  -1.1673000E-02  -1.1675000E-02  -1.1791000E-02  -1.1790000E-02  -1.1844000E-02  -1.1844000E-02  -1.1869000E-02  -1.1870000E-02  -1.1900000E-02
 -1.1900000E-02  -1.1913000E-02  -1.1912000E-02  -1.1880000E-02  -1.1882000E-02  -1.1888000E-02  -1.2153000E-02  -1.2437000E-02  -1.2547000E-02  -1.2478000E-02
 -1.2304000E-02  -1.2244000E-02  -1.2315000E-02  -1.2504000E-02  -1.2716000E-02  -1.2747000E-02  -1.2746000E-02  -1.2667000E-02  -1.2663000E-02  -1.2534000E-02
 -1.2534000E-02  -1.2486000E-02  -1.2487000E-02  -1.2604000E-02  -1.2609000E-02  -1.2770000E-02  -1.2771000E-02  -1.2783000E-02  -1.2782000E-02  -1.2695000E-02
 -1.2692000E-02  -1.2650000E-02  -1.2652000E-02  -1.2675000E-02  -1.2678000E-02  -1.2746000E-02  -1.2747000E-02  -1.2815000E-02  -1.2814000E-02  -1.2992000E-02
 -1.2996000E-02  -1.3171000E-02  -1.3171000E-02  -1.3186000E-02  -1.3186000E-02  -1.3162000E-02  -1.3164000E-02  -1.3159000E-02  -1.3158000E-02  -1.3143000E-02
 -1.3143000E-02  -1.3135000E-02  -1.3136000E-02  -1.3221000E-02  -1.3223000E-02  -1.3320000E-02  -1.3322000E-02  -1.3351000E-02  -1.3355000E-02  -1.3358000E-02
 -1.3360000E-02  -1.3345000E-02  -1.3343000E-02  -1.3319000E-02  -1.3318000E-02  -1.3308000E-02  -1.3309000E-02  -1.3395000E-02  -1.3396000E-02  -1.3456000E-02
 -1.3456000E-02  -1.3551000E-02  -1.3551000E-02  -1.3583000E-02  -1.3579000E-02  -1.3571000E-02  -1.3573000E-02  -1.3610000E-02  -1.3612000E-02  -1.3645000E-02
 -1.3648000E-02  -1.3602000E-02  -1.3599000E-02  -1.3502000E-02  -1.3503000E-02  -1.3471000E-02  -1.3470000E-02  -1.3509000E-02  -1.3510000E-02  -1.3529000E-02
 -1.3528000E-02  -1.3452000E-02  -1.3449000E-02  -1.3372000E-02  -1.3368000E-02  -1.3403000E-02  -1.3402000E-02  -1.3648000E-02  -1.3654000E-02  -1.3973000E-02
 -1.3976000E-02  -1.4023000E-02  -1.4025000E-02  -1.3962000E-02  -1.3856000E-02  -1.3944000E-02  -1.4164000E-02  -1.4072000E-02  -1.3950000E-02  -1.4004000E-02
 -1.4224000E-02  -1.4350000E-02  -1.4464000E-02  -1.4496000E-02  -1.4487000E-02  -1.4488000E-02  -1.4518000E-02  -1.4519000E-02  -1.4505000E-02  -1.4504000E-02
 -1.4521000E-02  -1.4519000E-02  -1.4587000E-02  -1.4588000E-02  -1.4547000E-02  -1.4544000E-02  -1.4347000E-02  -1.4343000E-02  -1.4236000E-02  -1.4235000E-02
 -1.4248000E-02  -1.4248000E-02  -1.4493000E-02  -1.4497000E-02  -1.4671000E-02  -1.4671000E-02  -1.4570000E-02  -1.4566000E-02  -1.4471000E-02  -1.4469000E-02
 -1.4546000E-02  -1.4548000E-02  -1.4708000E-02  -1.4709000E-02  -1.4788000E-02  -1.4789000E-02  -1.4824000E-02  -1.4826000E-02  -1.4933000E-02  -1.4934000E-02
 -1.4973000E-02  -1.4973000E-02  -1.4852000E-02  -1.4851000E-02  -1.4767000E-02  -1.4765000E-02  -1.4767000E-02  -1.4770000E-02  -1.4839000E-02  -1.4838000E-02
 -1.4913000E-02  -1.4916000E-02  -1.5062000E-02  -1.5064000E-02  -1.5026000E-02  -1.5024000E-02  -1.4930000E-02  -1.4929000E-02  -1.4869000E-02  -1.4868000E-02
 -1.4851000E-02  -1.4849000E-02  -1.4917000E-02  -1.4994000E-02  -1.4974000E-02  -1.4939000E-02  -1.4937000E-02  -1.5042000E-02  -1.5046000E-02  -1.5228000E-02
 -1.5231000E-02  -1.5288000E-02  -1.5288000E-02  -1.5178000E-02  -1.5178000E-02  -1.5009000E-02  -1.5009000E-02  -1.4900000E-02  -1.4898000E-02  -1.4830000E-02
 -1.4833000E-02  -1.4861000E-02  -1.4863000E-02  -1.5063000E-02  -1.5064000E-02  -1.5260000E-02  -1.5263000E-02  -1.5374000E-02  -1.5220000E-02  -1.5099000E-02
 -1.5151000E-02  -1.5150000E-02  -1.5295000E-02  -1.5296000E-02  -1.5438000E-02  -1.5438000E-02  -1.5456000E-02  -1.5454000E-02  -1.5406000E-02  -1.5404000E-02
 -1.5389000E-02  -1.5391000E-02  -1.5442000E-02  -1.5447000E-02  -1.5835000E-02  -1.5843000E-02  -1.6248001E-02  -1.6253000E-02  -1.6116999E-02  -1.6112000E-02
 -1.5678000E-02  -1.5673000E-02  -1.5438000E-02  -1.5478000E-02  -1.5721001E-02  -1.5773000E-02  -1.5773000E-02  -1.5830001E-02  -1.5831999E-02  -1.5893999E-02
 -1.5893999E-02  -1.5922001E-02  -1.5922001E-02  -1.6092001E-02  -1.6096000E-02  -1.6277000E-02  -1.6278001E-02  -1.6272999E-02  -1.6271001E-02  -1.6125999E-02
 -1.6124001E-02  -1.5884001E-02  -1.5882000E-02  -1.5791001E-02  -1.5791001E-02  -1.5892999E-02  -1.5876001E-02  -1.5827000E-02  -1.5838001E-02  -1.5837001E-02
 -1.5926000E-02  -1.5927000E-02  -1.6032999E-02  -1.6037000E-02  -1.6051000E-02  -1.6051000E-02  -1.5913000E-02  -1.5908999E-02  -1.5846999E-02  -1.5846999E-02
 -1.5946999E-02  -1.5950000E-02  -1.6161000E-02  -1.6162001E-02  -1.6173000E-02  -1.6174000E-02  -1.6212000E-02  -1.6214000E-02  -1.6217999E-02  -1.6217001E-02
 -1.6192000E-02  -1.6198000E-02  -1.6205000E-02  -1.6168000E-02  -1.6164999E-02  -1.6155999E-02  -1.6156999E-02  -1.6223000E-02  -1.6228000E-02  -1.6267000E-02
 -1.6266000E-02  -1.6322000E-02  -1.6325001E-02  -1.6465001E-02  -1.6466999E-02  -1.6534001E-02  -1.6535001E-02  -1.6565001E-02  -1.6564000E-02  -1.6564000E-02
 -1.6565001E-02  -1.6573999E-02  -1.6577000E-02  -1.6581001E-02  -1.6579000E-02  -1.6457001E-02  -1.6285000E-02  -1.6252000E-02  -1.6476000E-02  -1.6480001E-02
 -1.6783999E-02  -1.6783999E-02  -1.6797001E-02  -1.6795000E-02  -1.6679000E-02  -1.6674999E-02  -1.6589001E-02  -1.6588001E-02  -1.6666999E-02  -1.6669000E-02
 -1.6880000E-02  -1.6881000E-02  -1.6855000E-02  -1.6852001E-02  -1.6621999E-02  -1.6619001E-02  -1.6677000E-02  -1.6678000E-02  -1.6714999E-02  -1.6651001E-02
 -1.6582999E-02  -1.6448000E-02  -1.6447000E-02  -1.6363000E-02  -1.6363000E-02  -1.6502000E-02  -1.6505999E-02  -1.6736999E-02  -1.6741000E-02  -1.6894000E-02
 -1.6896000E-02  -1.6973000E-02  -1.6974000E-02  -1.7061001E-02  -1.7062001E-02  -1.7123999E-02  -1.7126000E-02  -1.7150000E-02  -1.7151000E-02  -1.7131999E-02
 -1.7131001E-02  -1.7037001E-02  -1.7035000E-02  -1.6856000E-02  -1.6834000E-02  -1.6814999E-02  -1.6819000E-02  -1.6820000E-02  -1.6795000E-02  -1.6796000E-02
 -1.6795000E-02  -1.6797001E-02  -1.6866000E-02  -1.6868999E-02  -1.6899999E-02  -1.6899999E-02  -1.6974000E-02  -1.6981000E-02  -1.7139001E-02  -1.7138001E-02
 -1.7107001E-02  -1.7107001E-02  -1.7082000E-02  -1.7080000E-02  -1.7058000E-02  -1.7054001E-02  -1.7124999E-02  -1.7126000E-02  -1.7165000E-02  -1.7174000E-02
 -1.7122000E-02  -1.7085999E-02  -1.7085001E-02  -1.7124999E-02  -1.7126000E-02  -1.7231001E-02  -1.7232999E-02  -1.7237000E-02  -1.7235000E-02  -1.7074000E-02
 -1.7070999E-02  -1.6837001E-02  -1.6833000E-02  -1.6698999E-02  -1.6698999E-02  -1.6783999E-02  -1.6789000E-02  -1.7084001E-02  -1.7085001E-02  -1.7171999E-02
 -1.7174000E-02  -1.7205000E-02  -1.7278999E-02  -1.7348001E-02  -1.7525000E-02  -1.7529000E-02  -1.7667999E-02  -1.7669000E-02  -1.7651999E-02  -1.7650001E-02
 -1.7419999E-02  -1.7419999E-02  -1.7147001E-02  -1.7143000E-02  -1.6998000E-02  -1.6995000E-02  -1.7050000E-02  -1.7051000E-02  -1.7335000E-02  -1.7339000E-02
 -1.7666001E-02  -1.7667999E-02  -1.7726000E-02  -1.7726000E-02  -1.7758001E-02  -1.7757000E-02  -1.7607000E-02  -1.7398000E-02  -1.7387001E-02  -1.7501000E-02
 -1.7502001E-02  -1.7465999E-02  -1.7464999E-02  -1.7495001E-02  -1.7495999E-02  -1.7596999E-02  -1.7599000E-02  -1.7690999E-02  -1.7689001E-02  -1.7686000E-02
 -1.7686000E-02  -1.7649001E-02  -1.7649001E-02  -1.7517000E-02  -1.7519001E-02  -1.7506000E-02  -1.7503001E-02  -1.7581999E-02  -1.7581999E-02  -1.7676000E-02
 -1.7676000E-02  -1.7693000E-02  -1.7667999E-02  -1.7740000E-02  -1.7763000E-02  -1.7759999E-02  -1.7577000E-02  -1.7574999E-02  -1.7473999E-02  -1.7473999E-02
 -1.7608000E-02  -1.7614000E-02  -1.7992999E-02  -1.7996000E-02  -1.8082000E-02  -1.8076999E-02  -1.7963000E-02  -1.7959001E-02  -1.7796000E-02  -1.7797999E-02
 -1.7694000E-02  -1.7692000E-02  -1.7596999E-02  -1.7597999E-02  -1.7689001E-02  -1.7940000E-02  -1.8263999E-02  -1.8283000E-02  -1.8281000E-02  -1.8196000E-02
 -1.8195000E-02  -1.8093999E-02  -1.8092001E-02  -1.7831000E-02  -1.7825000E-02  -1.7692000E-02  -1.7690999E-02  -1.7686000E-02  -1.7686000E-02  -1.7638000E-02
 -1.7635999E-02  -1.7774001E-02  -1.7779000E-02  -1.8167000E-02  -1.8172000E-02  -1.8363001E-02  -1.8364999E-02  -1.8144000E-02  -1.8138001E-02  -1.7827000E-02
 -1.7720999E-02  -1.7826000E-02  -1.8045001E-02  -1.8049000E-02  -1.8177999E-02  -1.8177999E-02  -1.8045999E-02  -1.8043000E-02  -1.7783999E-02  -1.7781001E-02
 -1.7795000E-02  -1.7797999E-02  -1.8075000E-02  -1.8080000E-02  -1.8107001E-02  -1.8107001E-02  -1.8051000E-02  -1.8053999E-02  -1.8107999E-02  -1.8113000E-02
 -1.8236000E-02  -1.8238001E-02  -1.8226000E-02  -1.8224001E-02  -1.8119000E-02  -1.8043000E-02  -1.8030999E-02  -1.8060001E-02  -1.8061999E-02  -1.8107001E-02
 -1.8107001E-02  -1.8092001E-02  -1.8092001E-02  -1.8186999E-02  -1.8189000E-02  -1.8327000E-02  -1.8325999E-02  -1.8283000E-02  -1.8282000E-02  -1.8293001E-02
 -1.8293001E-02  -1.8433999E-02  -1.8437000E-02  -1.8723000E-02  -1.8726001E-02  -1.8792000E-02  -1.8789999E-02  -1.8492000E-02  -1.8159000E-02  -1.8048000E-02
 -1.8053999E-02  -1.8052001E-02  -1.7886000E-02  -1.7883999E-02  -1.7774001E-02  -1.7773001E-02  -1.7849000E-02  -1.7849000E-02  -1.7904000E-02  -1.7904000E-02
 -1.7882001E-02  -1.7881000E-02  -1.7921001E-02  -1.7922999E-02  -1.8079000E-02  -1.8080000E-02  -1.8066000E-02  -1.8069001E-02  -1.7839000E-02  -1.7836001E-02
 -1.7676000E-02  -1.7677000E-02  -1.7650001E-02  -1.7790999E-02  -1.8014001E-02  -1.8262001E-02  -1.8262999E-02  -1.8247999E-02  -1.8247001E-02  -1.8215001E-02
 -1.8214000E-02  -1.8368000E-02  -1.8367000E-02  -1.8339001E-02  -1.8337000E-02  -1.8323001E-02  -1.8320000E-02  -1.8229000E-02  -1.8227000E-02  -1.8127000E-02
 -1.8127000E-02  -1.8126000E-02  -1.8126000E-02  -1.8173000E-02  -1.8173000E-02  -1.8134000E-02  -1.8131001E-02  -1.8139999E-02  -1.8284000E-02  -1.8314000E-02
 -1.8290000E-02  -1.8291000E-02  -1.8275000E-02  -1.8275000E-02  -1.8266000E-02  -1.8266000E-02  -1.8359000E-02  -1.8359000E-02  -1.8541999E-02  -1.8546000E-02
 -1.8850001E-02  -1.8852999E-02  -1.8769000E-02  -1.8766001E-02  -1.8485000E-02  -1.8479001E-02  -1.8423000E-02  -1.8425999E-02  -1.8477000E-02  -1.8475000E-02
 -1.8371999E-02  -1.8304000E-02  -1.8603001E-02  -1.9044001E-02  -1.9048000E-02  -1.9115999E-02  -1.9114999E-02  -1.8944999E-02  -1.8944999E-02  -1.8772000E-02
 -1.8767999E-02  -1.8494001E-02  -1.8487999E-02  -1.8160000E-02  -1.8157000E-02  -1.8034000E-02  -1.8033000E-02  -1.8154001E-02  -1.8154999E-02  -1.8407000E-02
 -1.8412000E-02  -1.8625000E-02  -1.8630000E-02  -1.8685000E-02  -1.8685000E-02  -1.8632000E-02  -1.8630000E-02
  3.4534523E-01   3.3984048E-01   3.3409047E-01   3.2774565E-01   3.2427930E-01   3.2185128E-01   3.1820492E-01   3.1517862E-01   3.1381243E-01   3.0971732E-01
  3.0397863E-01   3.0029574E-01   3.0094188E-01   3.0024704E-01   2.9622153E-01   2.9576671E-01   2.9426485E-01   2.9164987E-01   2.8957231E-01   2.8655557E-01
  2.8313271E-01   2.8040293E-01   2.7793580E-01   2.7703399E-01   2.7572692E-01   2.7561561E-01   2.7576171E-01   2.7354155E-01   2.7097353E-01   2.6840202E-01
  2.6622968E-01   2.6552095E-01   2.6552095E-01   2.6570094E-01   2.6571401E-01   2.6680799E-01   2.6681320E-01   2.6684192E-01   2.6683756E-01   2.6608358E-01
  2.6606708E-01   2.6450174E-01   2.6446870E-01   2.6196501E-01   2.6193023E-01   2.5968486E-01   2.5965181E-01   2.5645155E-01   2.5640635E-01   2.5352873E-01
  2.5350611E-01   2.5254083E-01   2.5253214E-01   2.5176599E-01   2.5175295E-01   2.5084070E-01   2.5083113E-01   2.5005717E-01   2.5004499E-01   2.4911100E-01
  2.4909622E-01   2.4845791E-01   2.4845444E-01   2.4776395E-01   2.4775089E-01   2.4668648E-01   2.4667257E-01   2.4629514E-01   2.4629776E-01   2.4622817E-01
  2.4621513E-01   2.4480371E-01   2.4478111E-01   2.4348275E-01   2.4346624E-01   2.4195134E-01   2.4192438E-01   2.4009903E-01   2.4007990E-01   2.3887196E-01
  2.3885806E-01   2.3739272E-01   2.3737620E-01   2.3641004E-01   2.3639701E-01   2.3566042E-01   2.3564998E-01   2.3506212E-01   2.3506037E-01   2.3530562E-01
  2.3531083E-01   2.3594045E-01   2.3595784E-01   2.3750491E-01   2.3752577E-01   2.3848151E-01   2.3848934E-01   2.3886239E-01   2.3853369E-01   2.3836844E-01
  2.3813887E-01   2.3640483E-01   2.3412551E-01   2.3302456E-01   2.3448817E-01   2.3591522E-01   2.3601958E-01   2.3658136E-01   2.3697530E-01   2.3697009E-01
  2.3600654E-01   2.3598915E-01   2.3464382E-01   2.3462903E-01   2.3395161E-01   2.3395073E-01   2.3494123E-01   2.3496471E-01   2.3667875E-01   2.3668920E-01
  2.3644918E-01   2.3643962E-01   2.3584738E-01   2.3584217E-01   2.3566216E-01   2.3566042E-01   2.3548911E-01   2.3548997E-01   2.3557347E-01   2.3557433E-01
  2.3548214E-01   2.3547955E-01   2.3516299E-01   2.3515691E-01   2.3482211E-01   2.3482471E-01   2.3563868E-01   2.3565780E-01   2.3787451E-01   2.3790756E-01
  2.3927896E-01   2.3927983E-01   2.3856064E-01   2.3854237E-01   2.3716750E-01   2.3714923E-01   2.3599957E-01   2.3598739E-01   2.3512907E-01   2.3512039E-01
  2.3530473E-01   2.3532301E-01   2.3684050E-01   2.3685616E-01   2.3735620E-01   2.3735620E-01   2.3731621E-01   2.3731097E-01   2.3641266E-01   2.3639439E-01
  2.3529432E-01   2.3528473E-01   2.3493775E-01   2.3493864E-01   2.3518125E-01   2.3518474E-01   2.3528823E-01   2.3528908E-01   2.3544474E-01   2.3545171E-01
  2.3620655E-01   2.3622393E-01   2.3801016E-01   2.3803452E-01   2.3893457E-01   2.3893371E-01   2.3842149E-01   2.3841540E-01   2.3816323E-01   2.3816670E-01
  2.3894154E-01   2.3896155E-01   2.4041731E-01   2.4043123E-01   2.4097474E-01   2.4097647E-01   2.4077038E-01   2.4077038E-01   2.4087908E-01   2.4088429E-01
  2.4136520E-01   2.4137477E-01   2.4185394E-01   2.4185827E-01   2.4165306E-01   2.4164871E-01   2.4144259E-01   2.4199394E-01   2.4312880E-01   2.4409758E-01
  2.4368625E-01   2.4287227E-01   2.4296705E-01   2.4390973E-01   2.4413584E-01   2.4347145E-01   2.4307316E-01   2.4392106E-01   2.4393583E-01   2.4519592E-01
  2.4521419E-01   2.4610470E-01   2.4610470E-01   2.4503678E-01   2.4501069E-01   2.4283662E-01   2.4280966E-01   2.4194263E-01   2.4195219E-01   2.4360015E-01
  2.4362973E-01   2.4569161E-01   2.4571770E-01   2.4740045E-01   2.4741783E-01   2.4784220E-01   2.4784046E-01   2.4717868E-01   2.4716564E-01   2.4681169E-01
  2.4681431E-01   2.4697694E-01   2.4697694E-01   2.4706477E-01   2.4707607E-01   2.4901013E-01   2.4904579E-01   2.5120768E-01   2.5122422E-01   2.5109810E-01
  2.5108419E-01   2.4999803E-01   2.4998411E-01   2.4971191E-01   2.4971626E-01   2.5039285E-01   2.5040154E-01   2.5071896E-01   2.5072244E-01   2.5117900E-01
  2.5118334E-01   2.5103290E-01   2.5102592E-01   2.5051111E-01   2.5050675E-01   2.5067200E-01   2.5068157E-01   2.5204514E-01   2.5206688E-01   2.5297737E-01
  2.5298173E-01   2.5320000E-01   2.5320524E-01   2.5376266E-01   2.5376528E-01   2.5335392E-01   2.5334351E-01   2.5303999E-01   2.5304522E-01   2.5388354E-01
  2.5390007E-01   2.5481753E-01   2.5481927E-01   2.5435401E-01   2.5433923E-01   2.5342003E-01   2.5340786E-01   2.5291911E-01   2.5292085E-01   2.5340871E-01
  2.5341742E-01   2.5438619E-01   2.5440271E-01   2.5542886E-01   2.5543843E-01   2.5568977E-01   2.5569236E-01   2.5580715E-01   2.5581065E-01   2.5611066E-01
  2.5611413E-01   2.5630460E-01   2.5630198E-01   2.5569151E-01   2.5568020E-01   2.5537060E-01   2.5759252E-01   2.6055274E-01   2.6202415E-01   2.6104581E-01
  2.5910133E-01   2.5818213E-01   2.5899435E-01   2.6076754E-01   2.6257810E-01   2.6269377E-01   2.6268420E-01   2.6146932E-01   2.6144846E-01   2.5964572E-01
  2.5962483E-01   2.5903524E-01   2.5904045E-01   2.6045361E-01   2.6048144E-01   2.6221461E-01   2.6222765E-01   2.6231984E-01   2.6231201E-01   2.6141888E-01
  2.6140932E-01   2.6085537E-01   2.6085016E-01   2.6119887E-01   2.6120758E-01   2.6170586E-01   2.6170848E-01   2.6200938E-01   2.6202068E-01   2.6344427E-01
  2.6346861E-01   2.6522006E-01   2.6523745E-01   2.6549921E-01   2.6549397E-01   2.6537309E-01   2.6537224E-01   2.6538181E-01   2.6538266E-01   2.6512352E-01
  2.6511742E-01   2.6500178E-01   2.6500873E-01   2.6651928E-01   2.6654623E-01   2.6823854E-01   2.6825333E-01   2.6891772E-01   2.6891860E-01   2.6909252E-01
  2.6909252E-01   2.6890641E-01   2.6889945E-01   2.6843594E-01   2.6843073E-01   2.6817765E-01   2.6817939E-01   2.6870639E-01   2.6871422E-01   2.6912557E-01
  2.6913340E-01   2.7029435E-01   2.7030912E-01   2.7074481E-01   2.7074393E-01   2.7054567E-01   2.7054567E-01   2.7128399E-01   2.7129615E-01   2.7194663E-01
  2.7194752E-01   2.7113876E-01   2.7111615E-01   2.6951689E-01   2.6950212E-01   2.6895599E-01   2.6895773E-01   2.6960561E-01   2.6961602E-01   2.6988126E-01
  2.6987343E-01   2.6841072E-01   2.6838724E-01   2.6681844E-01   2.6680799E-01   2.6676712E-01   2.6678190E-01   2.6874552E-01   2.6878380E-01   2.7171966E-01
  2.7174749E-01   2.7252495E-01   2.7252407E-01   2.7198492E-01   2.7106310E-01   2.7254496E-01   2.7553734E-01   2.7459207E-01   2.7272062E-01   2.7222493E-01
  2.7381808E-01   2.7535820E-01   2.7719747E-01   2.7779927E-01   2.7769664E-01   2.7770273E-01   2.7823234E-01   2.7823234E-01   2.7804276E-01   2.7804188E-01
  2.7834540E-01   2.7836017E-01   2.7958200E-01   2.7959418E-01   2.7940896E-01   2.7939156E-01   2.7736879E-01   2.7733922E-01   2.7553213E-01   2.7551648E-01
  2.7557561E-01   2.7559562E-01   2.7826886E-01   2.7831320E-01   2.8038205E-01   2.8038294E-01   2.7864105E-01   2.7860802E-01   2.7695658E-01   2.7694616E-01
  2.7710182E-01   2.7711747E-01   2.7869932E-01   2.7872542E-01   2.7994637E-01   2.7995160E-01   2.7999507E-01   2.7999856E-01   2.8122734E-01   2.8124821E-01
  2.8181869E-01   2.8180913E-01   2.8003596E-01   2.8000898E-01   2.7863411E-01   2.7862455E-01   2.7854975E-01   2.7855584E-01   2.7916111E-01   2.7916979E-01
  2.8009335E-01   2.8011247E-01   2.8147607E-01   2.8148040E-01   2.8085253E-01   2.8083426E-01   2.7940198E-01   2.7938459E-01   2.7832886E-01   2.7831668E-01
  2.7800015E-01   2.7800884E-01   2.7892368E-01   2.7975593E-01   2.7930285E-01   2.7876543E-01   2.7877499E-01   2.8028640E-01   2.8031597E-01   2.8281180E-01
  2.8283964E-01   2.8385797E-01   2.8385538E-01   2.8260398E-01   2.8257526E-01   2.8044382E-01   2.8041337E-01   2.7858627E-01   2.7856802E-01   2.7749229E-01
  2.7748272E-01   2.7764967E-01   2.7766360E-01   2.7920892E-01   2.7923414E-01   2.8124038E-01   2.8127343E-01   2.8238308E-01   2.8050382E-01   2.7896543E-01
  2.7978288E-01   2.7979942E-01   2.8104123E-01   2.8105603E-01   2.8209958E-01   2.8211088E-01   2.8221525E-01   2.8220742E-01   2.8151953E-01   2.8151432E-01
  2.8131432E-01   2.8130997E-01   2.8206392E-01   2.8209090E-01   2.8601118E-01   2.8608424E-01   2.9104982E-01   2.9108286E-01   2.9020803E-01   2.9015759E-01
  2.8586683E-01   2.8581466E-01   2.8332402E-01   2.8389710E-01   2.8594421E-01   2.8620076E-01   2.8619989E-01   2.8636599E-01   2.8636860E-01   2.8624859E-01
  2.8624772E-01   2.8661907E-01   2.8663122E-01   2.8874530E-01   2.8879053E-01   2.9166726E-01   2.9168639E-01   2.9203599E-01   2.9203078E-01   2.9048021E-01
  2.9044457E-01   2.8775827E-01   2.8772524E-01   2.8634686E-01   2.8634860E-01   2.8719909E-01   2.8680777E-01   2.8577378E-01   2.8510852E-01   2.8510676E-01
  2.8577725E-01   2.8579812E-01   2.8733912E-01   2.8735128E-01   2.8775654E-01   2.8774698E-01   2.8625991E-01   2.8623728E-01   2.8531199E-01   2.8531199E-01
  2.8666862E-01   2.8670340E-01   2.8881747E-01   2.8882619E-01   2.8857311E-01   2.8856616E-01   2.8839920E-01   2.8839920E-01   2.8811481E-01   2.8810787E-01
  2.8768783E-01   2.8777828E-01   2.8782783E-01   2.8735651E-01   2.8735216E-01   2.8720083E-01   2.8720692E-01   2.8833918E-01   2.8835310E-01   2.8896357E-01
  2.8896707E-01   2.8984540E-01   2.8986886E-01   2.9163858E-01   2.9165944E-01   2.9254212E-01   2.9254471E-01   2.9303433E-01   2.9304216E-01   2.9306040E-01
  2.9305258E-01   2.9273603E-01   2.9273603E-01   2.9226558E-01   2.9225426E-01   2.9081589E-01   2.8865311E-01   2.8807830E-01   2.9021760E-01   2.9027150E-01
  2.9381874E-01   2.9384481E-01   2.9425529E-01   2.9424834E-01   2.9301606E-01   2.9299605E-01   2.9191163E-01   2.9190728E-01   2.9273255E-01   2.9275430E-01
  2.9475532E-01   2.9477793E-01   2.9417528E-01   2.9413876E-01   2.9157857E-01   2.9156204E-01   2.9187077E-01   2.9188642E-01   2.9198467E-01   2.9094112E-01
  2.8982192E-01   2.8780609E-01   2.8777567E-01   2.8651296E-01   2.8651382E-01   2.8793394E-01   2.8796178E-01   2.9021671E-01   2.9024543E-01   2.9165770E-01
  2.9166814E-01   2.9214903E-01   2.9216121E-01   2.9344914E-01   2.9347000E-01   2.9448662E-01   2.9449444E-01   2.9493273E-01   2.9493361E-01   2.9466576E-01
  2.9466228E-01   2.9362915E-01   2.9359958E-01   2.9175684E-01   2.9131766E-01   2.9093764E-01   2.9088547E-01   2.9087939E-01   2.9046370E-01   2.9045935E-01
  2.9025673E-01   2.9025411E-01   2.9054197E-01   2.9054892E-01   2.9063763E-01   2.9063763E-01   2.9158638E-01   2.9161510E-01   2.9353785E-01   2.9354915E-01
  2.9321174E-01   2.9320043E-01   2.9276039E-01   2.9275430E-01   2.9234906E-01   2.9235427E-01   2.9326999E-01   2.9328651E-01   2.9370916E-01   2.9380220E-01
  2.9300650E-01   2.9240297E-01   2.9240559E-01   2.9276386E-01   2.9277169E-01   2.9381091E-01   2.9382307E-01   2.9388830E-01   2.9387700E-01   2.9183945E-01
  2.9180032E-01   2.8877051E-01   2.8873053E-01   2.8675386E-01   2.8674427E-01   2.8737476E-01   2.8740173E-01   2.8975407E-01   2.8977929E-01   2.9094809E-01
  2.9095157E-01   2.9144290E-01   2.9261603E-01   2.9367612E-01   2.9536407E-01   2.9538667E-01   2.9697548E-01   2.9698419E-01   2.9658851E-01   2.9656242E-01
  2.9318043E-01   2.9312825E-01   2.8976189E-01   2.8972191E-01   2.8761739E-01   2.8761044E-01   2.8827483E-01   2.8829571E-01   2.9072023E-01   2.9076284E-01
  2.9356481E-01   2.9359176E-01   2.9410572E-01   2.9410746E-01   2.9458314E-01   2.9458487E-01   2.9356307E-01   2.9175336E-01   2.9144116E-01   2.9238558E-01
  2.9238122E-01   2.9172031E-01   2.9171249E-01   2.9190119E-01   2.9191946E-01   2.9314389E-01   2.9315695E-01   2.9395179E-01   2.9395612E-01   2.9382048E-01
  2.9381612E-01   2.9330304E-01   2.9329000E-01   2.9207250E-01   2.9206120E-01   2.9207164E-01   2.9208468E-01   2.9271690E-01   2.9271690E-01   2.9249515E-01
  2.9248994E-01   2.9232035E-01   2.9193250E-01   2.9300129E-01   2.9345087E-01   2.9343783E-01   2.9181509E-01   2.9179161E-01   2.9025584E-01   2.9024108E-01
  2.9134898E-01   2.9139420E-01   2.9490316E-01   2.9493882E-01   2.9613370E-01   2.9613803E-01   2.9509100E-01   2.9506490E-01   2.9346652E-01   2.9344566E-01
  2.9201686E-01   2.9199773E-01   2.9048892E-01   2.9047412E-01   2.9089589E-01   2.9290213E-01   2.9621283E-01   2.9687549E-01   2.9686417E-01   2.9610413E-01
  2.9609977E-01   2.9523274E-01   2.9520491E-01   2.9248124E-01   2.9244646E-01   2.9063239E-01   2.9062024E-01   2.8995757E-01   2.8994192E-01   2.8891228E-01
  2.8890358E-01   2.9017149E-01   2.9021498E-01   2.9411788E-01   2.9417354E-01   2.9698331E-01   2.9699722E-01   2.9562669E-01   2.9558669E-01   2.9275169E-01
  2.9111417E-01   2.9140550E-01   2.9269604E-01   2.9271517E-01   2.9405352E-01   2.9405787E-01   2.9244731E-01   2.9241515E-01   2.9046979E-01   2.9045499E-01
  2.9079067E-01   2.9082112E-01   2.9357090E-01   2.9359438E-01   2.9378829E-01   2.9377437E-01   2.9286823E-01   2.9286562E-01   2.9354653E-01   2.9356392E-01
  2.9498490E-01   2.9499446E-01   2.9487358E-01   2.9486141E-01   2.9349174E-01   2.9269604E-01   2.9253515E-01   2.9297693E-01   2.9298996E-01   2.9354915E-01
  2.9354827E-01   2.9326478E-01   2.9326391E-01   2.9453706E-01   2.9456227E-01   2.9548582E-01   2.9548147E-01   2.9477446E-01   2.9477184E-01   2.9489880E-01
  2.9490230E-01   2.9609195E-01   2.9611978E-01   2.9869998E-01   2.9873388E-01   2.9956003E-01   2.9954959E-01   2.9746858E-01   2.9468836E-01   2.9347524E-01
  2.9355262E-01   2.9354132E-01   2.9161510E-01   2.9158379E-01   2.9007671E-01   2.9006800E-01   2.8951405E-01   2.8951058E-01   2.8952188E-01   2.8952188E-01
  2.8920185E-01   2.8919750E-01   2.8942536E-01   2.8943752E-01   2.9068024E-01   2.9069590E-01   2.9044369E-01   2.9042109E-01   2.8853832E-01   2.8851137E-01
  2.8694257E-01   2.8692691E-01   2.8638773E-01   2.8688604E-01   2.8896793E-01   2.9177249E-01   2.9179249E-01   2.9160117E-01   2.9158638E-01   2.9101677E-01
  2.9102460E-01   2.9201860E-01   2.9202554E-01   2.9161510E-01   2.9160553E-01   2.9137767E-01   2.9137855E-01   2.9045588E-01   2.9043761E-01   2.8949407E-01
  2.8948710E-01   2.8944970E-01   2.8945579E-01   2.8965232E-01   2.8964884E-01   2.8894792E-01   2.8893924E-01   2.8876705E-01   2.8965841E-01   2.8957666E-01
  2.8918794E-01   2.8918273E-01   2.8896707E-01   2.8896183E-01   2.8889139E-01   2.8889922E-01   2.9009324E-01   2.9011931E-01   2.9252820E-01   2.9257254E-01
  2.9633979E-01   2.9637198E-01   2.9587888E-01   2.9584322E-01   2.9296648E-01   2.9293693E-01   2.9198034E-01   2.9198293E-01   2.9225600E-01   2.9225079E-01
  2.9071155E-01   2.8920012E-01   2.9091069E-01   2.9474924E-01   2.9479185E-01   2.9599193E-01   2.9598410E-01   2.9501361E-01   2.9499361E-01   2.9299694E-01
  2.9296389E-01   2.9031761E-01   2.9027847E-01   2.8724258E-01   2.8720518E-01   2.8549722E-01   2.8549201E-01   2.8574943E-01   2.8576334E-01   2.8735128E-01
  2.8737564E-01   2.8913924E-01   2.8915663E-01   2.8991670E-01   2.8991670E-01   2.8953318E-01   2.8955233E-01
  2.2029321E+03   1.9692803E+03   1.7676375E+03   1.5884475E+03   1.4549954E+03   1.3370696E+03   1.2330522E+03   1.1445793E+03   1.0762002E+03   1.0054670E+03
  9.3206952E+02   8.5896039E+02   8.2553552E+02   7.9301257E+02   7.4340979E+02   7.0767932E+02   6.7594891E+02   6.3915753E+02   6.0616998E+02   5.7491132E+02
  5.4877679E+02   5.2096674E+02   4.9418384E+02   4.7410568E+02   4.5558679E+02   4.4013907E+02   4.2943381E+02   4.1589191E+02   3.9943936E+02   3.8127817E+02
  3.6678253E+02   3.5626511E+02   3.5613232E+02   3.4810107E+02   3.4796271E+02   3.4172540E+02   3.4156485E+02   3.3535550E+02   3.3510736E+02   3.2618936E+02
  3.2607330E+02   3.1606494E+02   3.1578802E+02   3.0695541E+02   3.0678186E+02   2.9692429E+02   2.9700824E+02   2.8544949E+02   2.8529861E+02   2.7389362E+02
  2.7386536E+02   2.6571799E+02   2.6569058E+02   2.6046002E+02   2.6041956E+02   2.5519215E+02   2.5512254E+02   2.4988013E+02   2.4980447E+02   2.4540268E+02
  2.4528273E+02   2.4186072E+02   2.4188795E+02   2.3991389E+02   2.3991302E+02   2.3778934E+02   2.3771225E+02   2.3574512E+02   2.3575264E+02   2.3360349E+02
  2.3349481E+02   2.2859172E+02   2.2845869E+02   2.2368236E+02   2.2360292E+02   2.1892339E+02   2.1878398E+02   2.1293448E+02   2.1291568E+02   2.0843025E+02
  2.0848756E+02   2.0430661E+02   2.0432510E+02   2.0120818E+02   2.0111490E+02   1.9800090E+02   1.9791592E+02   1.9528142E+02   1.9527702E+02   1.9315831E+02
  1.9314313E+02   1.9169203E+02   1.9170703E+02   1.9161391E+02   1.9158391E+02   1.9072797E+02   1.9074672E+02   1.8921971E+02   1.8673831E+02   1.8443677E+02
  1.8201094E+02   1.7862971E+02   1.7478548E+02   1.7180423E+02   1.7143709E+02   1.7156989E+02   1.7162198E+02   1.7212424E+02   1.7115520E+02   1.7110078E+02
  1.6876709E+02   1.6877225E+02   1.6672002E+02   1.6668848E+02   1.6524887E+02   1.6522612E+02   1.6497766E+02   1.6494492E+02   1.6575320E+02   1.6575485E+02
  1.6484746E+02   1.6484760E+02   1.6345224E+02   1.6344141E+02   1.6209818E+02   1.6207497E+02   1.6084390E+02   1.6084564E+02   1.6007069E+02   1.6007243E+02
  1.5934952E+02   1.5930618E+02   1.5887341E+02   1.5888010E+02   1.5833508E+02   1.5835930E+02   1.5907812E+02   1.5904112E+02   1.6023410E+02   1.6026353E+02
  1.6080177E+02   1.6076657E+02   1.5930301E+02   1.5924811E+02   1.5743295E+02   1.5743297E+02   1.5591145E+02   1.5590543E+02   1.5396004E+02   1.5394298E+02
  1.5190894E+02   1.5192696E+02   1.5130884E+02   1.5133884E+02   1.5128683E+02   1.5125333E+02   1.5121039E+02   1.5118362E+02   1.5008852E+02   1.5005371E+02
  1.4862999E+02   1.4861182E+02   1.4772421E+02   1.4775887E+02   1.4731291E+02   1.4728679E+02   1.4697606E+02   1.4697766E+02   1.4678294E+02   1.4682832E+02
  1.4714270E+02   1.4715909E+02   1.4860539E+02   1.4861894E+02   1.4929613E+02   1.4932652E+02   1.4865509E+02   1.4865968E+02   1.4763333E+02   1.4763979E+02
  1.4707059E+02   1.4709200E+02   1.4804613E+02   1.4804094E+02   1.4839700E+02   1.4840019E+02   1.4751416E+02   1.4754471E+02   1.4743933E+02   1.4746414E+02
  1.4770811E+02   1.4774086E+02   1.4722882E+02   1.4725174E+02   1.4662317E+02   1.4664508E+02   1.4616602E+02   1.4633617E+02   1.4656659E+02   1.4723738E+02
  1.4672707E+02   1.4581189E+02   1.4588087E+02   1.4643314E+02   1.4636336E+02   1.4557324E+02   1.4510365E+02   1.4593430E+02   1.4591769E+02   1.4658868E+02
  1.4659291E+02   1.4693675E+02   1.4693675E+02   1.4570747E+02   1.4567506E+02   1.4338930E+02   1.4335561E+02   1.4228590E+02   1.4231679E+02   1.4260638E+02
  1.4260321E+02   1.4336076E+02   1.4335216E+02   1.4418886E+02   1.4424619E+02   1.4404915E+02   1.4408618E+02   1.4328035E+02   1.4324437E+02   1.4260335E+02
  1.4260789E+02   1.4245331E+02   1.4245331E+02   1.4240750E+02   1.4241388E+02   1.4321524E+02   1.4321173E+02   1.4455852E+02   1.4458707E+02   1.4427924E+02
  1.4424237E+02   1.4311937E+02   1.4306979E+02   1.4284637E+02   1.4282817E+02   1.4357954E+02   1.4358162E+02   1.4394786E+02   1.4394098E+02   1.4423846E+02
  1.4420741E+02   1.4401262E+02   1.4401344E+02   1.4343617E+02   1.4342870E+02   1.4357161E+02   1.4356241E+02   1.4424422E+02   1.4428154E+02   1.4487920E+02
  1.4489937E+02   1.4457779E+02   1.4456152E+02   1.4503770E+02   1.4502957E+02   1.4458937E+02   1.4458412E+02   1.4422838E+02   1.4424989E+02   1.4469164E+02
  1.4469485E+02   1.4526295E+02   1.4525342E+02   1.4470808E+02   1.4465793E+02   1.4368910E+02   1.4368082E+02   1.4314815E+02   1.4313872E+02   1.4343419E+02
  1.4343661E+02   1.4399413E+02   1.4399748E+02   1.4431314E+02   1.4434160E+02   1.4410808E+02   1.4411246E+02   1.4400266E+02   1.4399646E+02   1.4413937E+02
  1.4414525E+02   1.4430943E+02   1.4431711E+02   1.4367430E+02   1.4363107E+02   1.4303770E+02   1.4360280E+02   1.4521715E+02   1.4639650E+02   1.4556328E+02
  1.4434749E+02   1.4351651E+02   1.4403998E+02   1.4479655E+02   1.4536894E+02   1.4520714E+02   1.4520267E+02   1.4409039E+02   1.4410143E+02   1.4259372E+02
  1.4255933E+02   1.4213463E+02   1.4213181E+02   1.4312956E+02   1.4311868E+02   1.4415390E+02   1.4416412E+02   1.4418074E+02   1.4417911E+02   1.4368944E+02
  1.4370761E+02   1.4327007E+02   1.4323883E+02   1.4355309E+02   1.4353348E+02   1.4358632E+02   1.4357936E+02   1.4331068E+02   1.4334039E+02   1.4369342E+02
  1.4368901E+02   1.4462619E+02   1.4465465E+02   1.4491830E+02   1.4490973E+02   1.4497577E+02   1.4495233E+02   1.4502309E+02   1.4503552E+02   1.4477609E+02
  1.4476611E+02   1.4466483E+02   1.4466519E+02   1.4620700E+02   1.4622926E+02   1.4794691E+02   1.4794919E+02   1.4872743E+02   1.4868434E+02   1.4893958E+02
  1.4891727E+02   1.4877553E+02   1.4878627E+02   1.4828493E+02   1.4828743E+02   1.4797952E+02   1.4797128E+02   1.4788969E+02   1.4789157E+02   1.4790932E+02
  1.4792223E+02   1.4879427E+02   1.4881866E+02   1.4918713E+02   1.4922963E+02   1.4898981E+02   1.4896785E+02   1.4978249E+02   1.4978061E+02   1.5049573E+02
  1.5046411E+02   1.4962999E+02   1.4962558E+02   1.4804933E+02   1.4801404E+02   1.4746552E+02   1.4747932E+02   1.4811880E+02   1.4812500E+02   1.4835396E+02
  1.4835201E+02   1.4677745E+02   1.4677168E+02   1.4504333E+02   1.4506969E+02   1.4462439E+02   1.4465921E+02   1.4521161E+02   1.4520984E+02   1.4659534E+02
  1.4660892E+02   1.4737523E+02   1.4735278E+02   1.4714091E+02   1.4676414E+02   1.4824283E+02   1.5080026E+02   1.5022932E+02   1.4846579E+02   1.4708833E+02
  1.4737073E+02   1.4855551E+02   1.5035783E+02   1.5100514E+02   1.5093156E+02   1.5093106E+02   1.5148257E+02   1.5147214E+02   1.5130864E+02   1.5131761E+02
  1.5163597E+02   1.5168098E+02   1.5297070E+02   1.5298021E+02   1.5310669E+02   1.5310966E+02   1.5186520E+02   1.5185899E+02   1.5002907E+02   1.5001402E+02
  1.4997369E+02   1.5000636E+02   1.5180363E+02   1.5183432E+02   1.5340431E+02   1.5340576E+02   1.5160811E+02   1.5159579E+02   1.4989363E+02   1.4989742E+02
  1.4935548E+02   1.4936026E+02   1.5027983E+02   1.5031184E+02   1.5148224E+02   1.5148048E+02   1.5119324E+02   1.5117851E+02   1.5208002E+02   1.5210371E+02
  1.5263257E+02   1.5261703E+02   1.5097432E+02   1.5094086E+02   1.4957439E+02   1.4957922E+02   1.4943855E+02   1.4941801E+02   1.4969481E+02   1.4971886E+02
  1.5044922E+02   1.5044978E+02   1.5117795E+02   1.5116484E+02   1.5053526E+02   1.5052592E+02   1.4916786E+02   1.4914999E+02   1.4806062E+02   1.4805116E+02
  1.4771548E+02   1.4774924E+02   1.4853242E+02   1.4909636E+02   1.4857129E+02   1.4806142E+02   1.4809647E+02   1.4946761E+02   1.4947519E+02   1.5166884E+02
  1.5168375E+02   1.5275633E+02   1.5275215E+02   1.5183325E+02   1.5178697E+02   1.5004880E+02   1.4999991E+02   1.4816290E+02   1.4815367E+02   1.4711543E+02
  1.4707047E+02   1.4705850E+02   1.4706082E+02   1.4754449E+02   1.4757469E+02   1.4884186E+02   1.4886508E+02   1.4954634E+02   1.4806358E+02   1.4680797E+02
  1.4759401E+02   1.4762991E+02   1.4818604E+02   1.4819975E+02   1.4847829E+02   1.4849612E+02   1.4848785E+02   1.4849472E+02   1.4787076E+02   1.4788176E+02
  1.4771063E+02   1.4768459E+02   1.4838353E+02   1.4837807E+02   1.5086121E+02   1.5090062E+02   1.5493469E+02   1.5493979E+02   1.5484270E+02   1.5481000E+02
  1.5214136E+02   1.5210657E+02   1.5042009E+02   1.5094360E+02   1.5184846E+02   1.5175560E+02   1.5175420E+02   1.5147118E+02   1.5145621E+02   1.5067578E+02
  1.5067445E+02   1.5099557E+02   1.5101480E+02   1.5275005E+02   1.5278387E+02   1.5564505E+02   1.5566612E+02   1.5627451E+02   1.5628532E+02   1.5519211E+02
  1.5515424E+02   1.5316876E+02   1.5313528E+02   1.5181483E+02   1.5181761E+02   1.5219133E+02   1.5173238E+02   1.5056192E+02   1.4940903E+02   1.4941570E+02
  1.4963147E+02   1.4965483E+02   1.5108318E+02   1.5106467E+02   1.5157240E+02   1.5155730E+02   1.5051375E+02   1.5051590E+02   1.4964413E+02   1.4964413E+02
  1.5083708E+02   1.5086360E+02   1.5221198E+02   1.5221631E+02   1.5171327E+02   1.5169295E+02   1.5107486E+02   1.5105621E+02   1.5057266E+02   1.5057104E+02
  1.5014491E+02   1.5023091E+02   1.5024361E+02   1.4984888E+02   1.4986986E+02   1.4971657E+02   1.4971683E+02   1.5087817E+02   1.5085353E+02   1.5144972E+02
  1.5146452E+02   1.5232545E+02   1.5233444E+02   1.5382246E+02   1.5383681E+02   1.5460867E+02   1.5460344E+02   1.5509961E+02   1.5512140E+02   1.5515038E+02
  1.5512857E+02   1.5454247E+02   1.5451448E+02   1.5373364E+02   1.5373433E+02   1.5259853E+02   1.5079523E+02   1.5020053E+02   1.5148375E+02   1.5153139E+02
  1.5430843E+02   1.5434950E+02   1.5487729E+02   1.5488475E+02   1.5401071E+02   1.5401610E+02   1.5310191E+02   1.5310431E+02   1.5367468E+02   1.5369048E+02
  1.5490276E+02   1.5492923E+02   1.5421848E+02   1.5418848E+02   1.5227556E+02   1.5227713E+02   1.5223009E+02   1.5224545E+02   1.5206189E+02   1.5101553E+02
  1.4989159E+02   1.4799037E+02   1.4795245E+02   1.4676299E+02   1.4676430E+02   1.4770277E+02   1.4770982E+02   1.4912013E+02   1.4912875E+02   1.4994586E+02
  1.4994421E+02   1.5000349E+02   1.5001341E+02   1.5123093E+02   1.5125432E+02   1.5227834E+02   1.5227269E+02   1.5273953E+02   1.5273198E+02   1.5248518E+02
  1.5248865E+02   1.5172285E+02   1.5169482E+02   1.5043719E+02   1.4995459E+02   1.4953731E+02   1.4942133E+02   1.4940306E+02   1.4898489E+02   1.4896931E+02
  1.4866663E+02   1.4864491E+02   1.4847768E+02   1.4846191E+02   1.4832538E+02   1.4832538E+02   1.4912968E+02   1.4911227E+02   1.5067926E+02   1.5070546E+02
  1.5045853E+02   1.5044115E+02   1.4998398E+02   1.4999220E+02   1.4956281E+02   1.4960590E+02   1.5039000E+02   1.5040662E+02   1.5071460E+02   1.5077882E+02
  1.5001128E+02   1.4940034E+02   1.4941309E+02   1.4961270E+02   1.4961597E+02   1.5029338E+02   1.5029462E+02   1.5035983E+02   1.5035994E+02   1.4864262E+02
  1.4860896E+02   1.4602945E+02   1.4600348E+02   1.4417303E+02   1.4415855E+02   1.4437666E+02   1.4437431E+02   1.4539372E+02   1.4542319E+02   1.4644424E+02
  1.4643245E+02   1.4691034E+02   1.4805478E+02   1.4907442E+02   1.5012796E+02   1.5012814E+02   1.5136346E+02   1.5136819E+02   1.5090919E+02   1.5088646E+02
  1.4770781E+02   1.4762897E+02   1.4487128E+02   1.4484511E+02   1.4292039E+02   1.4293527E+02   1.4346384E+02   1.4348659E+02   1.4472665E+02   1.4475690E+02
  1.4622458E+02   1.4624829E+02   1.4653665E+02   1.4653925E+02   1.4698607E+02   1.4699696E+02   1.4671194E+02   1.4574541E+02   1.4536993E+02   1.4583159E+02
  1.4581674E+02   1.4512866E+02   1.4512531E+02   1.4515776E+02   1.4517674E+02   1.4616740E+02   1.4617033E+02   1.4659616E+02   1.4661922E+02   1.4644115E+02
  1.4643465E+02   1.4597423E+02   1.4595477E+02   1.4523085E+02   1.4519742E+02   1.4532085E+02   1.4536520E+02   1.4565379E+02   1.4565379E+02   1.4455020E+02
  1.4454248E+02   1.4415254E+02   1.4378268E+02   1.4477768E+02   1.4525681E+02   1.4526201E+02   1.4435278E+02   1.4433435E+02   1.4288849E+02   1.4286667E+02
  1.4340923E+02   1.4342715E+02   1.4553964E+02   1.4556818E+02   1.4664378E+02   1.4669078E+02   1.4606146E+02   1.4605525E+02   1.4501065E+02   1.4496346E+02
  1.4369589E+02   1.4368391E+02   1.4223180E+02   1.4220198E+02   1.4208757E+02   1.4301836E+02   1.4529890E+02   1.4612422E+02   1.4612349E+02   1.4568140E+02
  1.4568298E+02   1.4521304E+02   1.4518800E+02   1.4327321E+02   1.4327031E+02   1.4167780E+02   1.4166801E+02   1.4074091E+02   1.4071811E+02   1.3960316E+02
  1.3960638E+02   1.4035428E+02   1.4037790E+02   1.4299722E+02   1.4303908E+02   1.4564618E+02   1.4565080E+02   1.4539333E+02   1.4538242E+02   1.4370323E+02
  1.4215051E+02   1.4173788E+02   1.4188623E+02   1.4188261E+02   1.4281693E+02   1.4282326E+02   1.4151698E+02   1.4149384E+02   1.4070842E+02   1.4071065E+02
  1.4108798E+02   1.4110855E+02   1.4292470E+02   1.4291948E+02   1.4298930E+02   1.4296898E+02   1.4208955E+02   1.4206215E+02   1.4262874E+02   1.4261470E+02
  1.4371974E+02   1.4371796E+02   1.4363586E+02   1.4363382E+02   1.4246234E+02   1.4190196E+02   1.4176237E+02   1.4217693E+02   1.4218016E+02   1.4264041E+02
  1.4263913E+02   1.4234421E+02   1.4234291E+02   1.4345160E+02   1.4347267E+02   1.4373589E+02   1.4373738E+02   1.4304369E+02   1.4304770E+02   1.4314648E+02
  1.4315158E+02   1.4378276E+02   1.4379993E+02   1.4533719E+02   1.4536337E+02   1.4605797E+02   1.4605823E+02   1.4534029E+02   1.4389432E+02   1.4299866E+02
  1.4306424E+02   1.4306355E+02   1.4156746E+02   1.4153769E+02   1.4021678E+02   1.4021205E+02   1.3881670E+02   1.3881169E+02   1.3840147E+02   1.3840147E+02
  1.3811275E+02   1.3811423E+02   1.3813194E+02   1.3813396E+02   1.3871352E+02   1.3872826E+02   1.3847472E+02   1.3841940E+02   1.3749492E+02   1.3747951E+02
  1.3647327E+02   1.3644321E+02   1.3588301E+02   1.3551099E+02   1.3676828E+02   1.3887732E+02   1.3889828E+02   1.3873920E+02   1.3872568E+02   1.3815656E+02
  1.3817529E+02   1.3842555E+02   1.3844298E+02   1.3807053E+02   1.3807201E+02   1.3785382E+02   1.3787766E+02   1.3725377E+02   1.3724294E+02   1.3665947E+02
  1.3664958E+02   1.3660417E+02   1.3661281E+02   1.3653722E+02   1.3653232E+02   1.3583501E+02   1.3584525E+02   1.3553523E+02   1.3571687E+02   1.3537987E+02
  1.3501234E+02   1.3499765E+02   1.3481378E+02   1.3480646E+02   1.3477428E+02   1.3478522E+02   1.3577208E+02   1.3580869E+02   1.3784572E+02   1.3787868E+02
  1.4096301E+02   1.4098653E+02   1.4091182E+02   1.4088338E+02   1.3889319E+02   1.3889626E+02   1.3795807E+02   1.3793929E+02   1.3794484E+02   1.3795239E+02
  1.3654541E+02   1.3492613E+02   1.3512718E+02   1.3729240E+02   1.3732312E+02   1.3851259E+02   1.3850885E+02   1.3838156E+02   1.3835339E+02   1.3681235E+02
  1.3679523E+02   1.3509395E+02   1.3508316E+02   1.3325307E+02   1.3322304E+02   1.3175291E+02   1.3175301E+02   1.3122916E+02   1.3124112E+02   1.3161427E+02
  1.3161201E+02   1.3251695E+02   1.3250529E+02   1.3315982E+02   1.3315982E+02   1.3300934E+02   1.3305003E+02
 -9.9999990E+06  -9.9999990E+06  -9.9999990E+06  -9.9999990E+06  -9.9999990E+06  -9.9999990E+06  -9.9999990E+06  -9.9999990E+06  -9.9999990E+06  -9.9999990E+06
 -9.9999990E+06  -9.9999990E+06  -9.9999990E+06  -9.9999990E+06  -9.9999990E+06  -9.9999990E+06  -9.9999990E+06  -9.9999990E+06  -9.9999990E+06  -9.9999990E+06
 -9.9999990E+06  -9.9999990E+06  -9.9999990E+06  -9.9999990E+06  -9.9999990E+06  -9.9999990E+06  -9.9999990E+06  -9.9999990E+06  -9.9999990E+06  -9.9999990E+06
 -9.9999990E+06  -9.9999990E+06  -9.9999990E+06  -9.9999990E+06  -9.9999990E+06  -9.9999990E+06  -9.9999990E+06  -9.9999990E+06  -9.9999990E+06  -9.9999990E+06
 -9.9999990E+06  -9.9999990E+06  -9.9999990E+06  -9.9999990E+06  -9.9999990E+06  -9.9999990E+06  -9.9999990E+06  -9.9999990E+06  -9.9999990E+06  -9.9999990E+06
 -9.9999990E+06  -9.9999990E+06  -9.9999990E+06  -9.9999990E+06  -9.9999990E+06  -9.9999990E+06  -9.9999990E+06  -9.9999990E+06  -9.9999990E+06  -9.9999990E+06
 -9.9999990E+06  -9.9999990E+06  -9.9999990E+06  -9.9999990E+06  -9.9999990E+06  -9.9999990E+06  -9.9999990E+06  -9.9999990E+06  -9.9999990E+06  -9.9999990E+06
 -9.9999990E+06  -9.9999990E+06  -9.9999990E+06  -9.9999990E+06  -9.9999990E+06  -9.9999990E+06  -9.9999990E+06  -9.9999990E+06  -9.9999990E+06  -9.9999990E+06
 -9.9999990E+06  -9.9999990E+06  -9.9999990E+06  -9.9999990E+06  -9.9999990E+06  -9.9999990E+06  -9.9999990E+06  -9.9999990E+06  -9.9999990E+06  -9.9999990E+06
 -9.9999990E+06  -9.9999990E+06  -9.9999990E+06  -9.9999990E+06  -9.9999990E+06  -9.9999990E+06  -9.9999990E+06  -9.9999990E+06  -9.9999990E+06  -9.9999990E+06
 -9.9999990E+06  -9.9999990E+06  -9.9999990E+06  -9.9999990E+06  -9.9999990E+06  -9.9999990E+06  -9.9999990E+06  -9.9999990E+06  -9.9999990E+06  -9.9999990E+06
 -9.9999990E+06  -9.9999990E+06  -9.9999990E+06  -9.9999990E+06  -9.9999990E+06  -9.9999990E+06  -9.9999990E+06  -9.9999990E+06  -9.9999990E+06  -9.9999990E+06
 -9.9999990E+06  -9.9999990E+06  -9.9999990E+06  -9.9999990E+06  -9.9999990E+06  -9.9999990E+06  -9.9999990E+06  -9.9999990E+06  -9.9999990E+06  -9.9999990E+06
 -9.9999990E+06  -9.9999990E+06  -9.9999990E+06  -9.9999990E+06  -9.9999990E+06  -9.9999990E+06  -9.9999990E+06  -9.9999990E+06  -9.9999990E+06  -9.9999990E+06
 -9.9999990E+06  -9.9999990E+06  -9.9999990E+06  -9.9999990E+06  -9.9999990E+06  -9.9999990E+06  -9.9999990E+06  -9.9999990E+06  -9.9999990E+06  -9.9999990E+06
 -9.9999990E+06  -9.9999990E+06  -9.9999990E+06  -9.9999990E+06  -9.9999990E+06  -9.9999990E+06  -9.9999990E+06  -9.9999990E+06  -9.9999990E+06  -9.9999990E+06
 -9.9999990E+06  -9.9999990E+06  -9.9999990E+06  -9.9999990E+06  -9.9999990E+06  -9.9999990E+06  -9.9999990E+06  -9.9999990E+06  -9.9999990E+06  -9.9999990E+06
 -9.9999990E+06  -9.9999990E+06  -9.9999990E+06  -9.9999990E+06  -9.9999990E+06  -9.9999990E+06  -9.9999990E+06  -9.9999990E+06  -9.9999990E+06  -9.9999990E+06
 -9.9999990E+06  -9.9999990E+06  -9.9999990E+06  -9.9999990E+06  -9.9999990E+06  -9.9999990E+06  -9.9999990E+06  -9.9999990E+06  -9.9999990E+06  -9.9999990E+06
 -9.9999990E+06  -9.9999990E+06  -9.9999990E+06  -9.9999990E+06  -9.9999990E+06  -9.9999990E+06  -9.9999990E+06  -9.9999990E+06  -9.9999990E+06  -9.9999990E+06
 -9.9999990E+06  -9.9999990E+06  -9.9999990E+06  -9.9999990E+06  -9.9999990E+06  -9.9999990E+06  -9.9999990E+06  -9.9999990E+06  -9.9999990E+06  -9.9999990E+06
 -9.9999990E+06  -9.9999990E+06  -9.9999990E+06  -9.9999990E+06  -9.9999990E+06  -9.9999990E+06  -9.9999990E+06  -9.9999990E+06  -9.9999990E+06  -9.9999990E+06
 -9.9999990E+06  -9.9999990E+06  -9.9999990E+06  -9.9999990E+06  -9.9999990E+06  -9.9999990E+06  -9.9999990E+06  -9.9999990E+06  -9.9999990E+06  -9.9999990E+06
 -9.9999990E+06  -9.9999990E+06  -9.9999990E+06  -9.9999990E+06  -9.9999990E+06  -9.9999990E+06  -9.9999990E+06  -9.9999990E+06  -9.9999990E+06  -9.9999990E+06
 -9.9999990E+06  -9.9999990E+06  -9.9999990E+06  -9.9999990E+06  -9.9999990E+06  -9.9999990E+06  -9.9999990E+06  -9.9999990E+06  -9.9999990E+06  -9.9999990E+06
 -9.9999990E+06  -9.9999990E+06  -9.9999990E+06  -9.9999990E+06  -9.9999990E+06  -9.9999990E+06  -9.9999990E+06  -9.9999990E+06  -9.9999990E+06  -9.9999990E+06
 -9.9999990E+06  -9.9999990E+06  -9.9999990E+06  -9.9999990E+06  -9.9999990E+06  -9.9999990E+06  -9.9999990E+06  -9.9999990E+06  -9.9999990E+06  -9.9999990E+06
 -9.9999990E+06  -9.9999990E+06  -9.9999990E+06  -9.9999990E+06  -9.9999990E+06  -9.9999990E+06  -9.9999990E+06  -9.9999990E+06  -9.9999990E+06  -9.9999990E+06
 -9.9999990E+06  -9.9999990E+06  -9.9999990E+06  -9.9999990E+06  -9.9999990E+06  -9.9999990E+06  -9.9999990E+06  -9.9999990E+06  -9.9999990E+06  -9.9999990E+06
 -9.9999990E+06  -9.9999990E+06  -9.9999990E+06  -9.9999990E+06  -9.9999990E+06  -9.9999990E+06  -9.9999990E+06  -9.9999990E+06  -9.9999990E+06  -9.9999990E+06
 -9.9999990E+06  -9.9999990E+06  -9.9999990E+06  -9.9999990E+06  -9.9999990E+06  -9.9999990E+06  -9.9999990E+06  -9.9999990E+06  -9.9999990E+06  -9.9999990E+06
 -9.9999990E+06  -9.9999990E+06  -9.9999990E+06  -9.9999990E+06  -9.9999990E+06  -9.9999990E+06  -9.9999990E+06  -9.9999990E+06  -9.9999990E+06  -9.9999990E+06
 -9.9999990E+06  -9.9999990E+06  -9.9999990E+06  -9.9999990E+06  -9.9999990E+06  -9.9999990E+06  -9.9999990E+06  -9.9999990E+06  -9.9999990E+06  -9.9999990E+06
 -9.9999990E+06  -9.9999990E+06  -9.9999990E+06  -9.9999990E+06  -9.9999990E+06  -9.9999990E+06  -9.9999990E+06  -9.9999990E+06  -9.9999990E+06  -9.9999990E+06
 -9.9999990E+06  -9.9999990E+06  -9.9999990E+06  -9.9999990E+06  -9.9999990E+06  -9.9999990E+06  -9.9999990E+06  -9.9999990E+06  -9.9999990E+06  -9.9999990E+06
 -9.9999990E+06  -9.9999990E+06  -9.9999990E+06  -9.9999990E+06  -9.9999990E+06  -9.9999990E+06  -9.9999990E+06  -9.9999990E+06  -9.9999990E+06  -9.9999990E+06
 -9.9999990E+06  -9.9999990E+06  -9.9999990E+06  -9.9999990E+06  -9.9999990E+06  -9.9999990E+06  -9.9999990E+06  -9.9999990E+06  -9.9999990E+06  -9.9999990E+06
 -9.9999990E+06  -9.9999990E+06  -9.9999990E+06  -9.9999990E+06  -9.9999990E+06  -9.9999990E+06  -9.9999990E+06  -9.9999990E+06  -9.9999990E+06  -9.9999990E+06
 -9.9999990E+06  -9.9999990E+06  -9.9999990E+06  -9.9999990E+06  -9.9999990E+06  -9.9999990E+06  -9.9999990E+06  -9.9999990E+06  -9.9999990E+06  -9.9999990E+06
 -9.9999990E+06  -9.9999990E+06  -9.9999990E+06  -9.9999990E+06  -9.9999990E+06  -9.9999990E+06  -9.9999990E+06  -9.9999990E+06  -9.9999990E+06  -9.9999990E+06
 -9.9999990E+06  -9.9999990E+06  -9.9999990E+06  -9.9999990E+06  -9.9999990E+06  -9.9999990E+06  -9.9999990E+06  -9.9999990E+06  -9.9999990E+06  -9.9999990E+06
 -9.9999990E+06  -9.9999990E+06  -9.9999990E+06  -9.9999990E+06  -9.9999990E+06  -9.9999990E+06  -9.9999990E+06  -9.9999990E+06  -9.9999990E+06  -9.9999990E+06
 -9.9999990E+06  -9.9999990E+06  -9.9999990E+06  -9.9999990E+06  -9.9999990E+06  -9.9999990E+06  -9.9999990E+06  -9.9999990E+06  -9.9999990E+06  -9.9999990E+06
 -9.9999990E+06  -9.9999990E+06  -9.9999990E+06  -9.9999990E+06  -9.9999990E+06  -9.9999990E+06  -9.9999990E+06  -9.9999990E+06  -9.9999990E+06  -9.9999990E+06
 -9.9999990E+06  -9.9999990E+06  -9.9999990E+06  -9.9999990E+06  -9.9999990E+06  -9.9999990E+06  -9.9999990E+06  -9.9999990E+06  -9.9999990E+06  -9.9999990E+06
 -9.9999990E+06  -9.9999990E+06  -9.9999990E+06  -9.9999990E+06  -9.9999990E+06  -9.9999990E+06  -9.9999990E+06  -9.9999990E+06  -9.9999990E+06  -9.9999990E+06
 -9.9999990E+06  -9.9999990E+06  -9.9999990E+06  -9.9999990E+06  -9.9999990E+06  -9.9999990E+06  -9.9999990E+06  -9.9999990E+06  -9.9999990E+06  -9.9999990E+06
 -9.9999990E+06  -9.9999990E+06  -9.9999990E+06  -9.9999990E+06  -9.9999990E+06  -9.9999990E+06  -9.9999990E+06  -9.9999990E+06  -9.9999990E+06  -9.9999990E+06
 -9.9999990E+06  -9.9999990E+06  -9.9999990E+06  -9.9999990E+06  -9.9999990E+06  -9.9999990E+06  -9.9999990E+06  -9.9999990E+06  -9.9999990E+06  -9.9999990E+06
 -9.9999990E+06  -9.9999990E+06  -9.9999990E+06  -9.9999990E+06  -9.9999990E+06  -9.9999990E+06  -9.9999990E+06  -9.9999990E+06  -9.9999990E+06  -9.9999990E+06
 -9.9999990E+06  -9.9999990E+06  -9.9999990E+06  -9.9999990E+06  -9.9999990E+06  -9.9999990E+06  -9.9999990E+06  -9.9999990E+06  -9.9999990E+06  -9.9999990E+06
 -9.9999990E+06  -9.9999990E+06  -9.9999990E+06  -9.9999990E+06  -9.9999990E+06  -9.9999990E+06  -9.9999990E+06  -9.9999990E+06  -9.9999990E+06  -9.9999990E+06
 -9.9999990E+06  -9.9999990E+06  -9.9999990E+06  -9.9999990E+06  -9.9999990E+06  -9.9999990E+06  -9.9999990E+06  -9.9999990E+06  -9.9999990E+06  -9.9999990E+06
 -9.9999990E+06  -9.9999990E+06  -9.9999990E+06  -9.9999990E+06  -9.9999990E+06  -9.9999990E+06  -9.9999990E+06  -9.9999990E+06  -9.9999990E+06  -9.9999990E+06
 -9.9999990E+06  -9.9999990E+06  -9.9999990E+06  -9.9999990E+06  -9.9999990E+06  -9.9999990E+06  -9.9999990E+06  -9.9999990E+06  -9.9999990E+06  -9.9999990E+06
 -9.9999990E+06  -9.9999990E+06  -9.9999990E+06  -9.9999990E+06  -9.9999990E+06  -9.9999990E+06  -9.9999990E+06  -9.9999990E+06  -9.9999990E+06  -9.9999990E+06
 -9.9999990E+06  -9.9999990E+06  -9.9999990E+06  -9.9999990E+06  -9.9999990E+06  -9.9999990E+06  -9.9999990E+06  -9.9999990E+06  -9.9999990E+06  -9.9999990E+06
 -9.9999990E+06  -9.9999990E+06  -9.9999990E+06  -9.9999990E+06  -9.9999990E+06  -9.9999990E+06  -9.9999990E+06  -9.9999990E+06  -9.9999990E+06  -9.9999990E+06
 -9.9999990E+06  -9.9999990E+06  -9.9999990E+06  -9.9999990E+06  -9.9999990E+06  -9.9999990E+06  -9.9999990E+06  -9.9999990E+06  -9.9999990E+06  -9.9999990E+06
 -9.9999990E+06  -9.9999990E+06  -9.9999990E+06  -9.9999990E+06  -9.9999990E+06  -9.9999990E+06  -9.9999990E+06  -9.9999990E+06  -9.9999990E+06  -9.9999990E+06
 -9.9999990E+06  -9.9999990E+06  -9.9999990E+06  -9.9999990E+06  -9.9999990E+06  -9.9999990E+06  -9.9999990E+06  -9.9999990E+06  -9.9999990E+06  -9.9999990E+06
 -9.9999990E+06  -9.9999990E+06  -9.9999990E+06  -9.9999990E+06  -9.9999990E+06  -9.9999990E+06  -9.9999990E+06  -9.9999990E+06  -9.9999990E+06  -9.9999990E+06
 -9.9999990E+06  -9.9999990E+06  -9.9999990E+06  -9.9999990E+06  -9.9999990E+06  -9.9999990E+06  -9.9999990E+06  -9.9999990E+06  -9.9999990E+06  -9.9999990E+06
 -9.9999990E+06  -9.9999990E+06  -9.9999990E+06  -9.9999990E+06  -9.9999990E+06  -9.9999990E+06  -9.9999990E+06  -9.9999990E+06  -9.9999990E+06  -9.9999990E+06
 -9.9999990E+06  -9.9999990E+06  -9.9999990E+06  -9.9999990E+06  -9.9999990E+06  -9.9999990E+06  -9.9999990E+06  -9.9999990E+06  -9.9999990E+06  -9.9999990E+06
 -9.9999990E+06  -9.9999990E+06  -9.9999990E+06  -9.9999990E+06  -9.9999990E+06  -9.9999990E+06  -9.9999990E+06  -9.9999990E+06  -9.9999990E+06  -9.9999990E+06
 -9.9999990E+06  -9.9999990E+06  -9.9999990E+06  -9.9999990E+06  -9.9999990E+06  -9.9999990E+06  -9.9999990E+06  -9.9999990E+06  -9.9999990E+06  -9.9999990E+06
 -9.9999990E+06  -9.9999990E+06  -9.9999990E+06  -9.9999990E+06  -9.9999990E+06  -9.9999990E+06  -9.9999990E+06  -9.9999990E+06  -9.9999990E+06  -9.9999990E+06
 -9.9999990E+06  -9.9999990E+06  -9.9999990E+06  -9.9999990E+06  -9.9999990E+06  -9.9999990E+06  -9.9999990E+06  -9.9999990E+06  -9.9999990E+06  -9.9999990E+06
 -9.9999990E+06  -9.9999990E+06  -9.9999990E+06  -9.9999990E+06  -9.9999990E+06  -9.9999990E+06  -9.9999990E+06  -9.9999990E+06  -9.9999990E+06  -9.9999990E+06
 -9.9999990E+06  -9.9999990E+06  -9.9999990E+06  -9.9999990E+06  -9.9999990E+06  -9.9999990E+06  -9.9999990E+06  -9.9999990E+06  -9.9999990E+06  -9.9999990E+06
 -9.9999990E+06  -9.9999990E+06  -9.9999990E+06  -9.9999990E+06  -9.9999990E+06  -9.9999990E+06  -9.9999990E+06  -9.9999990E+06  -9.9999990E+06  -9.9999990E+06
 -9.9999990E+06  -9.9999990E+06  -9.9999990E+06  -9.9999990E+06  -9.9999990E+06  -9.9999990E+06  -9.9999990E+06  -9.9999990E+06  -9.9999990E+06  -9.9999990E+06
 -9.9999990E+06  -9.9999990E+06  -9.9999990E+06  -9.9999990E+06  -9.9999990E+06  -9.9999990E+06  -9.9999990E+06  -9.9999990E+06  -9.9999990E+06  -9.9999990E+06
 -9.9999990E+06  -9.9999990E+06  -9.9999990E+06  -9.9999990E+06  -9.9999990E+06  -9.9999990E+06  -9.9999990E+06  -9.9999990E+06  -9.9999990E+06  -9.9999990E+06
 -9.9999990E+06  -9.9999990E+06  -9.9999990E+06  -9.9999990E+06  -9.9999990E+06  -9.9999990E+06  -9.9999990E+06  -9.9999990E+06  -9.9999990E+06  -9.9999990E+06
 -9.9999990E+06  -9.9999990E+06  -9.9999990E+06  -9.9999990E+06  -9.9999990E+06  -9.9999990E+06  -9.9999990E+06  -9.9999990E+06  -9.9999990E+06  -9.9999990E+06
 -9.9999990E+06  -9.9999990E+06  -9.9999990E+06  -9.9999990E+06  -9.9999990E+06  -9.9999990E+06  -9.9999990E+06  -9.9999990E+06  -9.9999990E+06  -9.9999990E+06
 -9.9999990E+06  -9.9999990E+06  -9.9999990E+06  -9.9999990E+06  -9.9999990E+06  -9.9999990E+06  -9.9999990E+06  -9.9999990E+06  -9.9999990E+06  -9.9999990E+06
 -9.9999990E+06  -9.9999990E+06  -9.9999990E+06  -9.9999990E+06  -9.9999990E+06  -9.9999990E+06  -9.9999990E+06  -9.9999990E+06  -9.9999990E+06  -9.9999990E+06
 -9.9999990E+06  -9.9999990E+06  -9.9999990E+06  -9.9999990E+06  -9.9999990E+06  -9.9999990E+06  -9.9999990E+06  -9.9999990E+06  -9.9999990E+06  -9.9999990E+06
 -9.9999990E+06  -9.9999990E+06  -9.9999990E+06  -9.9999990E+06  -9.9999990E+06  -9.9999990E+06  -9.9999990E+06  -9.9999990E+06  -9.9999990E+06  -9.9999990E+06
 -9.9999990E+06  -9.9999990E+06  -9.9999990E+06  -9.9999990E+06  -9.9999990E+06  -9.9999990E+06  -9.9999990E+06  -9.9999990E+06  -9.9999990E+06  -9.9999990E+06
 -9.9999990E+06  -9.9999990E+06  -9.9999990E+06  -9.9999990E+06  -9.9999990E+06  -9.9999990E+06  -9.9999990E+06  -9.9999990E+06  -9.9999990E+06  -9.9999990E+06
 -9.9999990E+06  -9.9999990E+06  -9.9999990E+06  -9.9999990E+06  -9.9999990E+06  -9.9999990E+06  -9.9999990E+06  -9.9999990E+06  -9.9999990E+06  -9.9999990E+06
 -9.9999990E+06  -9.9999990E+06  -9.9999990E+06  -9.9999990E+06  -9.9999990E+06  -9.9999990E+06  -9.9999990E+06  -9.9999990E+06  -9.9999990E+06  -9.9999990E+06
 -9.9999990E+06  -9.9999990E+06  -9.9999990E+06  -9.9999990E+06  -9.9999990E+06  -9.9999990E+06  -9.9999990E+06  -9.9999990E+06  -9.9999990E+06  -9.9999990E+06
 -9.9999990E+06  -9.9999990E+06  -9.9999990E+06  -9.9999990E+06  -9.9999990E+06  -9.9999990E+06  -9.9999990E+06  -9.9999990E+06  -9.9999990E+06  -9.9999990E+06
 -9.9999990E+06  -9.9999990E+06  -9.9999990E+06  -9.9999990E+06  -9.9999990E+06  -9.9999990E+06  -9.9999990E+06  -9.9999990E+06  -9.9999990E+06  -9.9999990E+06
 -9.9999990E+06  -9.9999990E+06  -9.9999990E+06  -9.9999990E+06  -9.9999990E+06  -9.9999990E+06  -9.9999990E+06  -9.9999990E+06  -9.9999990E+06  -9.9999990E+06
 -9.9999990E+06  -9.9999990E+06  -9.9999990E+06  -9.9999990E+06  -9.9999990E+06  -9.9999990E+06  -9.9999990E+06  -9.9999990E+06  -9.9999990E+06  -9.9999990E+06
 -9.9999990E+06  -9.9999990E+06  -9.9999990E+06  -9.9999990E+06  -9.9999990E+06  -9.9999990E+06  -9.9999990E+06  -9.9999990E+06  -9.9999990E+06  -9.9999990E+06
 -9.9999990E+06  -9.9999990E+06  -9.9999990E+06  -9.9999990E+06  -9.9999990E+06  -9.9999990E+06  -9.9999990E+06
