D. Lewellen, Coarse horizontal res. (dx=dy=12.5, dz to 1.5m at surface)
   74
  0.7500000E+00  0.2283620E+01  0.3886115E+01  0.5560840E+01  0.7311335E+01  0.9141340E+01  0.1105475E+02  0.1305565E+02  0.1514845E+02  0.1733770E+02
  0.1962820E+02  0.2202510E+02  0.2453370E+02  0.2715960E+02  0.2990880E+02  0.3278755E+02  0.3580245E+02  0.3896050E+02  0.4226900E+02  0.4573570E+02
  0.4936875E+02  0.5317675E+02  0.5716885E+02  0.6135460E+02  0.6574405E+02  0.7034790E+02  0.7517745E+02  0.8024455E+02  0.8556175E+02  0.9114225E+02
  0.9700000E+02  0.1030000E+03  0.1090000E+03  0.1150000E+03  0.1210000E+03  0.1270000E+03  0.1330000E+03  0.1390000E+03  0.1450000E+03  0.1510000E+03
  0.1570000E+03  0.1630000E+03  0.1690000E+03  0.1750000E+03  0.1810000E+03  0.1870000E+03  0.1930000E+03  0.1990000E+03  0.2050000E+03  0.2110000E+03
  0.2170000E+03  0.2230000E+03  0.2290000E+03  0.2350000E+03  0.2410000E+03  0.2470000E+03  0.2530000E+03  0.2590000E+03  0.2650000E+03  0.2710000E+03
  0.2770000E+03  0.2830000E+03  0.2891835E+03  0.2957515E+03  0.3027400E+03  0.3101895E+03  0.3181455E+03  0.3266580E+03  0.3357840E+03  0.3455865E+03
  0.3561350E+03  0.3675080E+03  0.3797930E+03  0.3930875E+03
 -0.1374662E-02 -0.6233521E-02 -0.1328777E-01 -0.1952614E-01 -0.2465479E-01 -0.2930862E-01 -0.3332806E-01 -0.3654732E-01 -0.3891036E-01 -0.4049200E-01
 -0.4143210E-01 -0.4188727E-01 -0.4198840E-01 -0.4181818E-01 -0.4140807E-01 -0.4076434E-01 -0.3996765E-01 -0.3912398E-01 -0.3825134E-01 -0.3726044E-01
 -0.3607466E-01 -0.3469768E-01 -0.3323834E-01 -0.3182156E-01 -0.3032797E-01 -0.2864953E-01 -0.2681605E-01 -0.2500367E-01 -0.2323695E-01 -0.2143148E-01
 -0.1959821E-01 -0.1770729E-01 -0.1593303E-01 -0.1432199E-01 -0.1264804E-01 -0.1086573E-01 -0.9087348E-02 -0.7399939E-02 -0.5885460E-02 -0.4524078E-02
 -0.3322551E-02 -0.2331481E-02 -0.1556046E-02 -0.1009735E-02 -0.6299107E-03 -0.3176889E-03 -0.3765700E-04  0.2274748E-03  0.4490032E-03  0.5815295E-03
  0.6132823E-03  0.5922095E-03  0.5653503E-03  0.4984196E-03  0.4037071E-03  0.3101468E-03  0.2252010E-03  0.1604252E-03  0.1142104E-03  0.7561612E-04
  0.3049210E-04 -0.2154803E-04 -0.7899920E-04 -0.1265030E-03 -0.1459915E-03 -0.1444204E-03 -0.1396174E-03 -0.1294470E-03 -0.1029472E-03 -0.5754903E-04
 -0.1279159E-04  0.1012217E-04  0.1077635E-04  0.3447489E-05
 -0.5558345E-01 -0.5056471E-01 -0.4324096E-01 -0.3660007E-01 -0.3105806E-01 -0.2596806E-01 -0.2145217E-01 -0.1767409E-01 -0.1470539E-01 -0.1246201E-01
 -0.1079048E-01 -0.9523817E-02 -0.8540534E-02 -0.7761241E-02 -0.7148645E-02 -0.6709052E-02 -0.6383109E-02 -0.6075234E-02 -0.5756540E-02 -0.5487149E-02
 -0.5316030E-02 -0.5236173E-02 -0.5155102E-02 -0.4976013E-02 -0.4836227E-02 -0.4826645E-02 -0.4895219E-02 -0.4877338E-02 -0.4759317E-02 -0.4593227E-02
 -0.4348359E-02 -0.4115879E-02 -0.3800970E-02 -0.3368889E-02 -0.3033605E-02 -0.2842987E-02 -0.2662245E-02 -0.2386648E-02 -0.1983331E-02 -0.1531003E-02
 -0.1088277E-02 -0.6647158E-03 -0.2679593E-03  0.1021684E-03  0.3768495E-03  0.4813468E-03  0.4369783E-03  0.3048607E-03  0.1707020E-03  0.8461390E-04
  0.3997079E-04  0.2035801E-04  0.9584168E-05  0.4419474E-05  0.1963196E-05  0.7305702E-06  0.4143185E-06  0.1591252E-06  0.5713279E-07  0.2718046E-07
  0.2012227E-07  0.1853337E-07  0.1984061E-07  0.1370613E-07  0.3036854E-08 -0.1182567E-09  0.7990079E-09  0.7553839E-09 -0.1423722E-09 -0.2148168E-09
 -0.1399075E-09 -0.4806797E-10  0.5089316E-09  0.5176051E-09
 -0.6387830E-03 -0.2925585E-02 -0.6217347E-02 -0.9038332E-02 -0.1127795E-01 -0.1322699E-01 -0.1474439E-01 -0.1572892E-01 -0.1620978E-01 -0.1630501E-01
 -0.1611016E-01 -0.1565655E-01 -0.1497294E-01 -0.1413147E-01 -0.1317533E-01 -0.1208393E-01 -0.1092623E-01 -0.9795747E-02 -0.8648507E-02 -0.7449446E-02
 -0.6240360E-02 -0.5074356E-02 -0.3971928E-02 -0.2879994E-02 -0.1785198E-02 -0.6810388E-03  0.3918732E-03  0.1311768E-02  0.2205376E-02  0.3068687E-02
  0.3877005E-02  0.4627500E-02  0.5211957E-02  0.5678120E-02  0.6005198E-02  0.6133031E-02  0.6037747E-02  0.5797173E-02  0.5431305E-02  0.4895851E-02
  0.4287739E-02  0.3574978E-02  0.2758574E-02  0.2090176E-02  0.1720420E-02  0.1571963E-02  0.1495146E-02  0.1386703E-02  0.1183956E-02  0.9557829E-03
  0.7483661E-03  0.5646637E-03  0.4220592E-03  0.2972705E-03  0.1923560E-03  0.1176932E-03  0.6138193E-04  0.2189842E-04  0.4376172E-05 -0.6735989E-05
 -0.7523559E-05  0.7300010E-05  0.3043685E-04  0.3797272E-04  0.2689268E-04  0.2259504E-04  0.2361450E-04  0.2226646E-04  0.1723582E-04  0.1082837E-04
  0.3912063E-05 -0.4733589E-06 -0.9493915E-06 -0.1002749E-06
 -0.3249797E-01 -0.2875676E-01 -0.2411891E-01 -0.1999838E-01 -0.1651891E-01 -0.1336503E-01 -0.1065996E-01 -0.8491036E-02 -0.6824646E-02 -0.5538952E-02
 -0.4525161E-02 -0.3732889E-02 -0.3135489E-02 -0.2670864E-02 -0.2293801E-02 -0.2030165E-02 -0.1828184E-02 -0.1603285E-02 -0.1406835E-02 -0.1277328E-02
 -0.1164564E-02 -0.1007945E-02 -0.7786293E-03 -0.5338608E-03 -0.3015145E-03 -0.1001312E-03  0.9204732E-04  0.3859576E-03  0.6566225E-03  0.8882625E-03
  0.1066963E-02  0.1177297E-02  0.1325482E-02  0.1443766E-02  0.1540442E-02  0.1690912E-02  0.1923162E-02  0.2133314E-02  0.2283887E-02  0.2410463E-02
  0.2422477E-02  0.2399263E-02  0.2404676E-02  0.2243827E-02  0.1794433E-02  0.1173316E-02  0.6169808E-03  0.2554320E-03  0.8221248E-04  0.2387360E-04
  0.1048318E-04  0.4284343E-05  0.1421798E-05  0.6854682E-06  0.9211034E-07  0.2615437E-08  0.1333200E-07 -0.8687546E-08 -0.8095324E-08 -0.1768486E-08
 -0.5594877E-09 -0.8912375E-09  0.3593764E-09  0.3954336E-08  0.3347680E-08  0.2778708E-09  0.1255411E-09  0.5738499E-09  0.5551443E-10  0.3268225E-10
  0.2069325E-10  0.8299076E-11  0.7887007E-10  0.7699299E-10
 -0.2636432E-03 -0.7681368E-03 -0.1349542E-02 -0.1960720E-02 -0.2526477E-02 -0.3105382E-02 -0.3652908E-02 -0.4145299E-02 -0.4561476E-02 -0.4895058E-02
 -0.5147647E-02 -0.5327205E-02 -0.5445328E-02 -0.5512302E-02 -0.5535746E-02 -0.5523843E-02 -0.5482410E-02 -0.5414048E-02 -0.5319100E-02 -0.5193312E-02
 -0.5041386E-02 -0.4878093E-02 -0.4707656E-02 -0.4532252E-02 -0.4356309E-02 -0.4178118E-02 -0.3995312E-02 -0.3800251E-02 -0.3584113E-02 -0.3360147E-02
 -0.3149936E-02 -0.2944370E-02 -0.2736983E-02 -0.2539430E-02 -0.2346661E-02 -0.2143381E-02 -0.1932259E-02 -0.1721751E-02 -0.1496635E-02 -0.1250176E-02
 -0.1012732E-02 -0.8151093E-03 -0.6633587E-03 -0.5462903E-03 -0.4501485E-03 -0.3825840E-03 -0.3524568E-03 -0.3541979E-03 -0.3746451E-03 -0.3869850E-03
 -0.3707242E-03 -0.3332433E-03 -0.2863745E-03 -0.2304534E-03 -0.1776521E-03 -0.1368864E-03 -0.1064906E-03 -0.8636220E-04 -0.7171314E-04 -0.5821911E-04
 -0.4491162E-04 -0.3068018E-04 -0.1689670E-04 -0.8135878E-05 -0.3236933E-05 -0.4608103E-06  0.7423552E-06  0.2785586E-05  0.4257103E-05  0.3647619E-05
  0.2042894E-05  0.7029312E-06 -0.2080743E-07 -0.1929337E-06
 -0.8974848E-02 -0.8377579E-02 -0.7703201E-02 -0.6997211E-02 -0.6332249E-02 -0.5650414E-02 -0.4996652E-02 -0.4394113E-02 -0.3863856E-02 -0.3409872E-02
 -0.3030094E-02 -0.2717461E-02 -0.2459434E-02 -0.2245312E-02 -0.2066532E-02 -0.1915649E-02 -0.1788592E-02 -0.1683057E-02 -0.1598103E-02 -0.1536666E-02
 -0.1493378E-02 -0.1455245E-02 -0.1419042E-02 -0.1382365E-02 -0.1340221E-02 -0.1292672E-02 -0.1244212E-02 -0.1208485E-02 -0.1195115E-02 -0.1192582E-02
 -0.1183755E-02 -0.1173367E-02 -0.1152534E-02 -0.1105936E-02 -0.1048270E-02 -0.9994142E-03 -0.9603698E-03 -0.9266401E-03 -0.9096384E-03 -0.9074840E-03
 -0.8883176E-03 -0.8344769E-03 -0.7514661E-03 -0.6516529E-03 -0.5444861E-03 -0.4260362E-03 -0.3047947E-03 -0.1993511E-03 -0.1212592E-03 -0.7161406E-04
 -0.4160692E-04 -0.2317092E-04 -0.1238198E-04 -0.6140721E-05 -0.2934531E-05 -0.1346426E-05 -0.6056499E-06 -0.2527923E-06 -0.1035608E-06 -0.4926706E-07
 -0.3233534E-07 -0.2818068E-07 -0.2630864E-07 -0.2607207E-07 -0.2793196E-07 -0.2776308E-07 -0.2685351E-07 -0.2741040E-07 -0.2758990E-07 -0.2775859E-07
 -0.2764154E-07 -0.2734774E-07 -0.2727342E-07 -0.1353239E-07
 -0.9999999E+07 -0.9999999E+07 -0.9999999E+07 -0.9999999E+07 -0.9999999E+07 -0.9999999E+07 -0.9999999E+07 -0.9999999E+07 -0.9999999E+07 -0.9999999E+07
 -0.9999999E+07 -0.9999999E+07 -0.9999999E+07 -0.9999999E+07 -0.9999999E+07 -0.9999999E+07 -0.9999999E+07 -0.9999999E+07 -0.9999999E+07 -0.9999999E+07
 -0.9999999E+07 -0.9999999E+07 -0.9999999E+07 -0.9999999E+07 -0.9999999E+07 -0.9999999E+07 -0.9999999E+07 -0.9999999E+07 -0.9999999E+07 -0.9999999E+07
 -0.9999999E+07 -0.9999999E+07 -0.9999999E+07 -0.9999999E+07 -0.9999999E+07 -0.9999999E+07 -0.9999999E+07 -0.9999999E+07 -0.9999999E+07 -0.9999999E+07
 -0.9999999E+07 -0.9999999E+07 -0.9999999E+07 -0.9999999E+07 -0.9999999E+07 -0.9999999E+07 -0.9999999E+07 -0.9999999E+07 -0.9999999E+07 -0.9999999E+07
 -0.9999999E+07 -0.9999999E+07 -0.9999999E+07 -0.9999999E+07 -0.9999999E+07 -0.9999999E+07 -0.9999999E+07 -0.9999999E+07 -0.9999999E+07 -0.9999999E+07
 -0.9999999E+07 -0.9999999E+07 -0.9999999E+07 -0.9999999E+07 -0.9999999E+07 -0.9999999E+07 -0.9999999E+07 -0.9999999E+07 -0.9999999E+07 -0.9999999E+07
 -0.9999999E+07 -0.9999999E+07 -0.9999999E+07 -0.9999999E+07
 -0.9999999E+07 -0.9999999E+07 -0.9999999E+07 -0.9999999E+07 -0.9999999E+07 -0.9999999E+07 -0.9999999E+07 -0.9999999E+07 -0.9999999E+07 -0.9999999E+07
 -0.9999999E+07 -0.9999999E+07 -0.9999999E+07 -0.9999999E+07 -0.9999999E+07 -0.9999999E+07 -0.9999999E+07 -0.9999999E+07 -0.9999999E+07 -0.9999999E+07
 -0.9999999E+07 -0.9999999E+07 -0.9999999E+07 -0.9999999E+07 -0.9999999E+07 -0.9999999E+07 -0.9999999E+07 -0.9999999E+07 -0.9999999E+07 -0.9999999E+07
 -0.9999999E+07 -0.9999999E+07 -0.9999999E+07 -0.9999999E+07 -0.9999999E+07 -0.9999999E+07 -0.9999999E+07 -0.9999999E+07 -0.9999999E+07 -0.9999999E+07
 -0.9999999E+07 -0.9999999E+07 -0.9999999E+07 -0.9999999E+07 -0.9999999E+07 -0.9999999E+07 -0.9999999E+07 -0.9999999E+07 -0.9999999E+07 -0.9999999E+07
 -0.9999999E+07 -0.9999999E+07 -0.9999999E+07 -0.9999999E+07 -0.9999999E+07 -0.9999999E+07 -0.9999999E+07 -0.9999999E+07 -0.9999999E+07 -0.9999999E+07
 -0.9999999E+07 -0.9999999E+07 -0.9999999E+07 -0.9999999E+07 -0.9999999E+07 -0.9999999E+07 -0.9999999E+07 -0.9999999E+07 -0.9999999E+07 -0.9999999E+07
 -0.9999999E+07 -0.9999999E+07 -0.9999999E+07 -0.9999999E+07
 -0.9999999E+07 -0.9999999E+07 -0.9999999E+07 -0.9999999E+07 -0.9999999E+07 -0.9999999E+07 -0.9999999E+07 -0.9999999E+07 -0.9999999E+07 -0.9999999E+07
 -0.9999999E+07 -0.9999999E+07 -0.9999999E+07 -0.9999999E+07 -0.9999999E+07 -0.9999999E+07 -0.9999999E+07 -0.9999999E+07 -0.9999999E+07 -0.9999999E+07
 -0.9999999E+07 -0.9999999E+07 -0.9999999E+07 -0.9999999E+07 -0.9999999E+07 -0.9999999E+07 -0.9999999E+07 -0.9999999E+07 -0.9999999E+07 -0.9999999E+07
 -0.9999999E+07 -0.9999999E+07 -0.9999999E+07 -0.9999999E+07 -0.9999999E+07 -0.9999999E+07 -0.9999999E+07 -0.9999999E+07 -0.9999999E+07 -0.9999999E+07
 -0.9999999E+07 -0.9999999E+07 -0.9999999E+07 -0.9999999E+07 -0.9999999E+07 -0.9999999E+07 -0.9999999E+07 -0.9999999E+07 -0.9999999E+07 -0.9999999E+07
 -0.9999999E+07 -0.9999999E+07 -0.9999999E+07 -0.9999999E+07 -0.9999999E+07 -0.9999999E+07 -0.9999999E+07 -0.9999999E+07 -0.9999999E+07 -0.9999999E+07
 -0.9999999E+07 -0.9999999E+07 -0.9999999E+07 -0.9999999E+07 -0.9999999E+07 -0.9999999E+07 -0.9999999E+07 -0.9999999E+07 -0.9999999E+07 -0.9999999E+07
 -0.9999999E+07 -0.9999999E+07 -0.9999999E+07 -0.9999999E+07
 -0.9999999E+07 -0.9999999E+07 -0.9999999E+07 -0.9999999E+07 -0.9999999E+07 -0.9999999E+07 -0.9999999E+07 -0.9999999E+07 -0.9999999E+07 -0.9999999E+07
 -0.9999999E+07 -0.9999999E+07 -0.9999999E+07 -0.9999999E+07 -0.9999999E+07 -0.9999999E+07 -0.9999999E+07 -0.9999999E+07 -0.9999999E+07 -0.9999999E+07
 -0.9999999E+07 -0.9999999E+07 -0.9999999E+07 -0.9999999E+07 -0.9999999E+07 -0.9999999E+07 -0.9999999E+07 -0.9999999E+07 -0.9999999E+07 -0.9999999E+07
 -0.9999999E+07 -0.9999999E+07 -0.9999999E+07 -0.9999999E+07 -0.9999999E+07 -0.9999999E+07 -0.9999999E+07 -0.9999999E+07 -0.9999999E+07 -0.9999999E+07
 -0.9999999E+07 -0.9999999E+07 -0.9999999E+07 -0.9999999E+07 -0.9999999E+07 -0.9999999E+07 -0.9999999E+07 -0.9999999E+07 -0.9999999E+07 -0.9999999E+07
 -0.9999999E+07 -0.9999999E+07 -0.9999999E+07 -0.9999999E+07 -0.9999999E+07 -0.9999999E+07 -0.9999999E+07 -0.9999999E+07 -0.9999999E+07 -0.9999999E+07
 -0.9999999E+07 -0.9999999E+07 -0.9999999E+07 -0.9999999E+07 -0.9999999E+07 -0.9999999E+07 -0.9999999E+07 -0.9999999E+07 -0.9999999E+07 -0.9999999E+07
 -0.9999999E+07 -0.9999999E+07 -0.9999999E+07 -0.9999999E+07
