Arnold Moene (arnold.moene@wur.nl) Wageningen University; grid size 12.5 m ; adjusted dissipation. in lower 50 m.
973
  6.0000000E+01  9.0000000E+01  1.2000000E+02  1.5000000E+02  1.8000000E+02  2.1000000E+02  2.4000000E+02  2.7000000E+02  3.0000000E+02  3.3000000E+02
  3.6000000E+02  3.9000000E+02  4.2000000E+02  4.5000000E+02  4.8000000E+02  5.1000000E+02  5.4000000E+02  5.7000000E+02  6.0000000E+02  6.8940000E+02
  7.1940000E+02  7.4940000E+02  7.7940000E+02  8.0940000E+02  8.3940000E+02  8.6940000E+02  8.9940000E+02  9.2940000E+02  9.5940000E+02  9.8940000E+02
  1.0194000E+03  1.0494000E+03  1.0794000E+03  1.1094000E+03  1.1394000E+03  1.1694000E+03  1.1994000E+03  1.2888000E+03  1.3188000E+03  1.3488000E+03
  1.3788000E+03  1.4088000E+03  1.4388000E+03  1.4688000E+03  1.4988000E+03  1.5288000E+03  1.5588000E+03  1.5888000E+03  1.6188000E+03  1.6488000E+03
  1.6788000E+03  1.7088000E+03  1.7388000E+03  1.7688000E+03  1.7988000E+03  1.8888000E+03  1.9188000E+03  1.9488000E+03  1.9788000E+03  2.0088000E+03
  2.0388000E+03  2.0688000E+03  2.0988000E+03  2.1288000E+03  2.1588000E+03  2.1888000E+03  2.2188000E+03  2.2488000E+03  2.2788000E+03  2.3088000E+03
  2.3388000E+03  2.3688000E+03  2.3988000E+03  2.4882000E+03  2.5182000E+03  2.5482000E+03  2.5782000E+03  2.6082000E+03  2.6382000E+03  2.6682000E+03
  2.6982000E+03  2.7282000E+03  2.7582000E+03  2.7882000E+03  2.8182000E+03  2.8482000E+03  2.8782000E+03  2.9082000E+03  2.9382000E+03  2.9682000E+03
  2.9982000E+03  3.0876000E+03  3.1176000E+03  3.1476000E+03  3.1776000E+03  3.2076000E+03  3.2376000E+03  3.2676000E+03  3.2976000E+03  3.3276000E+03
  3.3576000E+03  3.3876000E+03  3.4176000E+03  3.4476000E+03  3.4776000E+03  3.5076000E+03  3.5376000E+03  3.5676000E+03  3.5976000E+03  3.6870000E+03
  3.7170000E+03  3.7470000E+03  3.7770000E+03  3.8070000E+03  3.8370000E+03  3.8670000E+03  3.8970000E+03  3.9270000E+03  3.9570000E+03  3.9870000E+03
  4.0170000E+03  4.0470000E+03  4.0770000E+03  4.1070000E+03  4.1370000E+03  4.1670000E+03  4.1970000E+03  4.2864000E+03  4.3164000E+03  4.3464000E+03
  4.3764000E+03  4.4064000E+03  4.4364000E+03  4.4664000E+03  4.4964000E+03  4.5264000E+03  4.5564000E+03  4.5864000E+03  4.6164000E+03  4.6464000E+03
  4.6764000E+03  4.7064000E+03  4.7364000E+03  4.7664000E+03  4.7964000E+03  4.8858000E+03  4.9158000E+03  4.9458000E+03  4.9758000E+03  5.0058000E+03
  5.0358000E+03  5.0658000E+03  5.0958000E+03  5.1258000E+03  5.1558000E+03  5.1858000E+03  5.2158000E+03  5.2458000E+03  5.2758000E+03  5.3058000E+03
  5.3358000E+03  5.3658000E+03  5.3958000E+03  5.4858000E+03  5.5152000E+03  5.5458000E+03  5.5758000E+03  5.6052000E+03  5.6358000E+03  5.6652000E+03
  5.6958000E+03  5.7258000E+03  5.7552000E+03  5.7858000E+03  5.8152000E+03  5.8458000E+03  5.8758000E+03  5.9052000E+03  5.9358000E+03  5.9652000E+03
  5.9958000E+03  6.0840000E+03  6.1140000E+03  6.1440000E+03  6.1740000E+03  6.2040000E+03  6.2340000E+03  6.2640000E+03  6.2940000E+03  6.3240000E+03
  6.3540000E+03  6.3840000E+03  6.4140000E+03  6.4440000E+03  6.4740000E+03  6.5040000E+03  6.5340000E+03  6.5640000E+03  6.5940000E+03  6.6840000E+03
  6.7140000E+03  6.7440000E+03  6.7740000E+03  6.8040000E+03  6.8340000E+03  6.8640000E+03  6.8940000E+03  6.9240000E+03  6.9540000E+03  6.9840000E+03
  7.0140000E+03  7.0440000E+03  7.0740000E+03  7.1040000E+03  7.1340000E+03  7.1640000E+03  7.1940000E+03  7.2840000E+03  7.3140000E+03  7.3440000E+03
  7.3740000E+03  7.4040000E+03  7.4340000E+03  7.4640000E+03  7.4940000E+03  7.5240000E+03  7.5540000E+03  7.5840000E+03  7.6140000E+03  7.6440000E+03
  7.6740000E+03  7.7040000E+03  7.7340000E+03  7.7640000E+03  7.7940000E+03  7.8840000E+03  7.9140000E+03  7.9440000E+03  7.9740000E+03  8.0040000E+03
  8.0340000E+03  8.0640000E+03  8.0940000E+03  8.1240000E+03  8.1540000E+03  8.1840000E+03  8.2140000E+03  8.2440000E+03  8.2740000E+03  8.3040000E+03
  8.3340000E+03  8.3640000E+03  8.3940000E+03  8.4840000E+03  8.5140000E+03  8.5440000E+03  8.5740000E+03  8.6040000E+03  8.6340000E+03  8.6640000E+03
  8.6940000E+03  8.7240000E+03  8.7540000E+03  8.7840000E+03  8.8140000E+03  8.8440000E+03  8.8740000E+03  8.9040000E+03  8.9340000E+03  8.9640000E+03
  8.9940000E+03  9.0840000E+03  9.1140000E+03  9.1440000E+03  9.1740000E+03  9.2040000E+03  9.2340000E+03  9.2640000E+03  9.2940000E+03  9.3240000E+03
  9.3540000E+03  9.3840000E+03  9.4140000E+03  9.4440000E+03  9.4740000E+03  9.5040000E+03  9.5340000E+03  9.5640000E+03  9.5940000E+03  9.6840000E+03
  9.7140000E+03  9.7440000E+03  9.7740000E+03  9.8040000E+03  9.8340000E+03  9.8640000E+03  9.8940000E+03  9.9240000E+03  9.9540000E+03  9.9840000E+03
  1.0014000E+04  1.0044000E+04  1.0074000E+04  1.0104000E+04  1.0134000E+04  1.0164000E+04  1.0194000E+04  1.0284000E+04  1.0314000E+04  1.0344000E+04
  1.0374000E+04  1.0404000E+04  1.0434000E+04  1.0464000E+04  1.0494000E+04  1.0524000E+04  1.0554000E+04  1.0584000E+04  1.0614000E+04  1.0644000E+04
  1.0674000E+04  1.0704000E+04  1.0734000E+04  1.0764000E+04  1.0794000E+04  1.0878000E+04  1.0908000E+04  1.0938000E+04  1.0968000E+04  1.0998000E+04
  1.1034000E+04  1.1058000E+04  1.1094000E+04  1.1118000E+04  1.1148000E+04  1.1178000E+04  1.1208000E+04  1.1238000E+04  1.1268000E+04  1.1298000E+04
  1.1328000E+04  1.1358000E+04  1.1388000E+04  1.1478000E+04  1.1508000E+04  1.1538000E+04  1.1568000E+04  1.1598000E+04  1.1628000E+04  1.1658000E+04
  1.1688000E+04  1.1718000E+04  1.1748000E+04  1.1778000E+04  1.1808000E+04  1.1838000E+04  1.1868000E+04  1.1898000E+04  1.1928000E+04  1.1958000E+04
  1.1988000E+04  1.2078000E+04  1.2108000E+04  1.2138000E+04  1.2168000E+04  1.2198000E+04  1.2228000E+04  1.2258000E+04  1.2288000E+04  1.2318000E+04
  1.2348000E+04  1.2378000E+04  1.2408000E+04  1.2438000E+04  1.2468000E+04  1.2498000E+04  1.2528000E+04  1.2558000E+04  1.2588000E+04  1.2678000E+04
  1.2708000E+04  1.2738000E+04  1.2768000E+04  1.2798000E+04  1.2828000E+04  1.2858000E+04  1.2888000E+04  1.2918000E+04  1.2948000E+04  1.2978000E+04
  1.3008000E+04  1.3038000E+04  1.3068000E+04  1.3098000E+04  1.3128000E+04  1.3158000E+04  1.3188000E+04  1.3278000E+04  1.3308000E+04  1.3338000E+04
  1.3368000E+04  1.3398000E+04  1.3428000E+04  1.3458000E+04  1.3488000E+04  1.3518000E+04  1.3548000E+04  1.3578000E+04  1.3608000E+04  1.3638000E+04
  1.3668000E+04  1.3698000E+04  1.3728000E+04  1.3758000E+04  1.3788000E+04  1.3878000E+04  1.3908000E+04  1.3938000E+04  1.3968000E+04  1.3998000E+04
  1.4028000E+04  1.4058000E+04  1.4088000E+04  1.4118000E+04  1.4148000E+04  1.4178000E+04  1.4208000E+04  1.4238000E+04  1.4268000E+04  1.4298000E+04
  1.4328000E+04  1.4358000E+04  1.4388000E+04  1.4478000E+04  1.4508000E+04  1.4538000E+04  1.4568000E+04  1.4598000E+04  1.4628000E+04  1.4658000E+04
  1.4688000E+04  1.4718000E+04  1.4748000E+04  1.4778000E+04  1.4808000E+04  1.4838000E+04  1.4868000E+04  1.4898000E+04  1.4928000E+04  1.4958000E+04
  1.4988000E+04  1.5078000E+04  1.5108000E+04  1.5138000E+04  1.5168000E+04  1.5198000E+04  1.5228000E+04  1.5258000E+04  1.5288000E+04  1.5318000E+04
  1.5348000E+04  1.5378000E+04  1.5408000E+04  1.5438000E+04  1.5468000E+04  1.5498000E+04  1.5528000E+04  1.5558000E+04  1.5588000E+04  1.5678000E+04
  1.5708000E+04  1.5738000E+04  1.5768000E+04  1.5798000E+04  1.5828000E+04  1.5858000E+04  1.5888000E+04  1.5918000E+04  1.5948000E+04  1.5978000E+04
  1.6008000E+04  1.6038000E+04  1.6068000E+04  1.6098000E+04  1.6128000E+04  1.6158000E+04  1.6188000E+04  1.6278000E+04  1.6308000E+04  1.6338000E+04
  1.6368000E+04  1.6398000E+04  1.6428000E+04  1.6458000E+04  1.6488000E+04  1.6518000E+04  1.6548000E+04  1.6578000E+04  1.6608000E+04  1.6638000E+04
  1.6668000E+04  1.6698000E+04  1.6728000E+04  1.6758000E+04  1.6788000E+04  1.6878000E+04  1.6908000E+04  1.6938000E+04  1.6968000E+04  1.6998000E+04
  1.7028000E+04  1.7058000E+04  1.7088000E+04  1.7118000E+04  1.7148000E+04  1.7178000E+04  1.7208000E+04  1.7238000E+04  1.7268000E+04  1.7298000E+04
  1.7328000E+04  1.7358000E+04  1.7388000E+04  1.7478000E+04  1.7508000E+04  1.7538000E+04  1.7568000E+04  1.7598000E+04  1.7628000E+04  1.7658000E+04
  1.7688000E+04  1.7718000E+04  1.7748000E+04  1.7778000E+04  1.7808000E+04  1.7838000E+04  1.7868000E+04  1.7898000E+04  1.7928000E+04  1.7958000E+04
  1.7988000E+04  1.8078000E+04  1.8108000E+04  1.8138000E+04  1.8168000E+04  1.8198000E+04  1.8228000E+04  1.8258000E+04  1.8288000E+04  1.8318000E+04
  1.8348000E+04  1.8378000E+04  1.8408000E+04  1.8432000E+04  1.8468000E+04  1.8498000E+04  1.8528000E+04  1.8552000E+04  1.8588000E+04  1.8672000E+04
  1.8702000E+04  1.8732000E+04  1.8762000E+04  1.8792000E+04  1.8822000E+04  1.8852000E+04  1.8882000E+04  1.8912000E+04  1.8942000E+04  1.8972000E+04
  1.9002000E+04  1.9032000E+04  1.9062000E+04  1.9092000E+04  1.9122000E+04  1.9152000E+04  1.9182000E+04  1.9272000E+04  1.9302000E+04  1.9332000E+04
  1.9362000E+04  1.9392000E+04  1.9422000E+04  1.9452000E+04  1.9482000E+04  1.9512000E+04  1.9542000E+04  1.9572000E+04  1.9602000E+04  1.9632000E+04
  1.9662000E+04  1.9692000E+04  1.9722000E+04  1.9752000E+04  1.9782000E+04  1.9872000E+04  1.9902000E+04  1.9932000E+04  1.9962000E+04  1.9992000E+04
  2.0022000E+04  2.0052000E+04  2.0082000E+04  2.0112000E+04  2.0142000E+04  2.0172000E+04  2.0202000E+04  2.0232000E+04  2.0262000E+04  2.0292000E+04
  2.0322000E+04  2.0352000E+04  2.0382000E+04  2.0472000E+04  2.0502000E+04  2.0532000E+04  2.0562000E+04  2.0592000E+04  2.0622000E+04  2.0652000E+04
  2.0682000E+04  2.0712000E+04  2.0742000E+04  2.0772000E+04  2.0802000E+04  2.0832000E+04  2.0862000E+04  2.0892000E+04  2.0922000E+04  2.0952000E+04
  2.0982000E+04  2.1072000E+04  2.1102000E+04  2.1132000E+04  2.1162000E+04  2.1192000E+04  2.1222000E+04  2.1252000E+04  2.1282000E+04  2.1312000E+04
  2.1342000E+04  2.1372000E+04  2.1402000E+04  2.1432000E+04  2.1462000E+04  2.1492000E+04  2.1522000E+04  2.1552000E+04  2.1582000E+04  2.1672000E+04
  2.1702000E+04  2.1732000E+04  2.1762000E+04  2.1792000E+04  2.1822000E+04  2.1852000E+04  2.1882000E+04  2.1912000E+04  2.1942000E+04  2.1972000E+04
  2.2002000E+04  2.2032000E+04  2.2062000E+04  2.2092000E+04  2.2122000E+04  2.2152000E+04  2.2182000E+04  2.2272000E+04  2.2302000E+04  2.2332000E+04
  2.2362000E+04  2.2392000E+04  2.2422000E+04  2.2452000E+04  2.2482000E+04  2.2512000E+04  2.2542000E+04  2.2572000E+04  2.2602000E+04  2.2632000E+04
  2.2662000E+04  2.2692000E+04  2.2722000E+04  2.2752000E+04  2.2782000E+04  2.2872000E+04  2.2902000E+04  2.2932000E+04  2.2962000E+04  2.2992000E+04
  2.3022000E+04  2.3052000E+04  2.3082000E+04  2.3112000E+04  2.3142000E+04  2.3172000E+04  2.3202000E+04  2.3232000E+04  2.3262000E+04  2.3292000E+04
  2.3322000E+04  2.3352000E+04  2.3382000E+04  2.3472000E+04  2.3502000E+04  2.3532000E+04  2.3562000E+04  2.3592000E+04  2.3622000E+04  2.3652000E+04
  2.3682000E+04  2.3712000E+04  2.3742000E+04  2.3772000E+04  2.3802000E+04  2.3832000E+04  2.3862000E+04  2.3892000E+04  2.3922000E+04  2.3952000E+04
  2.3982000E+04  2.4072000E+04  2.4102000E+04  2.4132000E+04  2.4162000E+04  2.4192000E+04  2.4222000E+04  2.4252000E+04  2.4282000E+04  2.4312000E+04
  2.4342000E+04  2.4372000E+04  2.4402000E+04  2.4432000E+04  2.4462000E+04  2.4492000E+04  2.4522000E+04  2.4552000E+04  2.4582000E+04  2.4672000E+04
  2.4702000E+04  2.4732000E+04  2.4762000E+04  2.4792000E+04  2.4822000E+04  2.4852000E+04  2.4882000E+04  2.4912000E+04  2.4942000E+04  2.4972000E+04
  2.5002000E+04  2.5032000E+04  2.5062000E+04  2.5092000E+04  2.5122000E+04  2.5152000E+04  2.5182000E+04  2.5266000E+04  2.5296000E+04  2.5326000E+04
  2.5356000E+04  2.5386000E+04  2.5416000E+04  2.5446000E+04  2.5476000E+04  2.5506000E+04  2.5536000E+04  2.5566000E+04  2.5596000E+04  2.5626000E+04
  2.5656000E+04  2.5686000E+04  2.5716000E+04  2.5746000E+04  2.5776000E+04  2.5866000E+04  2.5896000E+04  2.5926000E+04  2.5956000E+04  2.5986000E+04
  2.6016000E+04  2.6046000E+04  2.6076000E+04  2.6106000E+04  2.6136000E+04  2.6166000E+04  2.6196000E+04  2.6226000E+04  2.6256000E+04  2.6286000E+04
  2.6316000E+04  2.6346000E+04  2.6376000E+04  2.6466000E+04  2.6496000E+04  2.6526000E+04  2.6556000E+04  2.6586000E+04  2.6616000E+04  2.6646000E+04
  2.6676000E+04  2.6706000E+04  2.6736000E+04  2.6766000E+04  2.6796000E+04  2.6826000E+04  2.6856000E+04  2.6886000E+04  2.6916000E+04  2.6946000E+04
  2.6976000E+04  2.7066000E+04  2.7096000E+04  2.7126000E+04  2.7156000E+04  2.7186000E+04  2.7216000E+04  2.7246000E+04  2.7276000E+04  2.7306000E+04
  2.7336000E+04  2.7366000E+04  2.7396000E+04  2.7426000E+04  2.7456000E+04  2.7486000E+04  2.7516000E+04  2.7546000E+04  2.7576000E+04  2.7666000E+04
  2.7696000E+04  2.7726000E+04  2.7756000E+04  2.7786000E+04  2.7816000E+04  2.7846000E+04  2.7876000E+04  2.7906000E+04  2.7936000E+04  2.7966000E+04
  2.7996000E+04  2.8026000E+04  2.8056000E+04  2.8086000E+04  2.8116000E+04  2.8146000E+04  2.8176000E+04  2.8266000E+04  2.8296000E+04  2.8326000E+04
  2.8356000E+04  2.8386000E+04  2.8416000E+04  2.8446000E+04  2.8476000E+04  2.8506000E+04  2.8536000E+04  2.8566000E+04  2.8596000E+04  2.8626000E+04
  2.8656000E+04  2.8686000E+04  2.8716000E+04  2.8746000E+04  2.8776000E+04  2.8866000E+04  2.8896000E+04  2.8926000E+04  2.8956000E+04  2.8986000E+04
  2.9016000E+04  2.9046000E+04  2.9076000E+04  2.9106000E+04  2.9136000E+04  2.9166000E+04  2.9196000E+04  2.9226000E+04  2.9256000E+04  2.9286000E+04
  2.9316000E+04  2.9346000E+04  2.9376000E+04  2.9466000E+04  2.9496000E+04  2.9526000E+04  2.9556000E+04  2.9586000E+04  2.9616000E+04  2.9646000E+04
  2.9676000E+04  2.9706000E+04  2.9736000E+04  2.9766000E+04  2.9796000E+04  2.9826000E+04  2.9856000E+04  2.9886000E+04  2.9916000E+04  2.9946000E+04
  2.9976000E+04  3.0066000E+04  3.0096000E+04  3.0126000E+04  3.0156000E+04  3.0186000E+04  3.0216000E+04  3.0246000E+04  3.0276000E+04  3.0306000E+04
  3.0336000E+04  3.0366000E+04  3.0396000E+04  3.0426000E+04  3.0456000E+04  3.0486000E+04  3.0516000E+04  3.0546000E+04  3.0576000E+04  3.0666000E+04
  3.0696000E+04  3.0726000E+04  3.0756000E+04  3.0786000E+04  3.0816000E+04  3.0846000E+04  3.0876000E+04  3.0906000E+04  3.0936000E+04  3.0966000E+04
  3.0996000E+04  3.1026000E+04  3.1056000E+04  3.1086000E+04  3.1116000E+04  3.1146000E+04  3.1176000E+04  3.1266000E+04  3.1296000E+04  3.1326000E+04
  3.1356000E+04  3.1386000E+04  3.1416000E+04  3.1446000E+04  3.1476000E+04  3.1506000E+04  3.1536000E+04  3.1566000E+04  3.1596000E+04  3.1626000E+04
  3.1656000E+04  3.1686000E+04  3.1716000E+04  3.1746000E+04  3.1776000E+04  3.1866000E+04  3.1896000E+04  3.1926000E+04  3.1956000E+04  3.1986000E+04
  3.2016000E+04  3.2046000E+04  3.2076000E+04  3.2106000E+04  3.2136000E+04  3.2166000E+04  3.2196000E+04  3.2226000E+04  3.2256000E+04  3.2286000E+04
  3.2316000E+04  3.2346000E+04  3.2376000E+04
  1.3158000E+01  1.3158000E+01  1.3158000E+01  1.3158000E+01  1.3158000E+01  2.6316000E+01  2.6316000E+01  2.6316000E+01  2.6316000E+01  2.6316000E+01
  2.6316000E+01  2.6316000E+01  2.6316000E+01  2.6316000E+01  2.6316000E+01  2.6316000E+01  2.6316000E+01  2.6316000E+01  2.6316000E+01  5.2632000E+01
  5.2632000E+01  5.2632000E+01  5.2632000E+01  5.2632000E+01  5.2632000E+01  5.2632000E+01  6.5789000E+01  6.5789000E+01  6.5789000E+01  6.5789000E+01
  6.5789000E+01  6.5789000E+01  6.5789000E+01  6.5789000E+01  6.5789000E+01  6.5789000E+01  6.5789000E+01  9.2105000E+01  9.2105000E+01  9.2105000E+01
  9.2105000E+01  9.2105000E+01  9.2105000E+01  9.2105000E+01  9.2105000E+01  9.2105000E+01  9.2105000E+01  9.2105000E+01  9.2105000E+01  1.0526000E+02
  1.0526000E+02  1.0526000E+02  1.0526000E+02  1.0526000E+02  1.0526000E+02  1.1842000E+02  1.1842000E+02  1.1842000E+02  1.1842000E+02  1.1842000E+02
  1.1842000E+02  1.1842000E+02  1.3158000E+02  1.3158000E+02  1.3158000E+02  1.3158000E+02  1.3158000E+02  1.3158000E+02  1.3158000E+02  1.3158000E+02
  1.3158000E+02  1.3158000E+02  1.3158000E+02  1.3158000E+02  1.4474000E+02  1.4474000E+02  1.4474000E+02  1.4474000E+02  1.4474000E+02  1.4474000E+02
  1.4474000E+02  1.4474000E+02  1.4474000E+02  1.4474000E+02  1.4474000E+02  1.4474000E+02  1.4474000E+02  1.4474000E+02  1.4474000E+02  1.4474000E+02
  1.4474000E+02  1.3158000E+02  1.3158000E+02  1.3158000E+02  1.3158000E+02  1.3158000E+02  1.3158000E+02  1.3158000E+02  1.4474000E+02  1.4474000E+02
  1.4474000E+02  1.4474000E+02  1.4474000E+02  1.4474000E+02  1.4474000E+02  1.4474000E+02  1.4474000E+02  1.4474000E+02  1.4474000E+02  1.4474000E+02
  1.4474000E+02  1.4474000E+02  1.4474000E+02  1.4474000E+02  1.4474000E+02  1.4474000E+02  1.3158000E+02  1.3158000E+02  1.3158000E+02  1.3158000E+02
  1.3158000E+02  1.3158000E+02  1.3158000E+02  1.3158000E+02  1.3158000E+02  1.3158000E+02  1.3158000E+02  1.1842000E+02  1.1842000E+02  1.1842000E+02
  1.1842000E+02  1.1842000E+02  1.1842000E+02  1.0526000E+02  1.0526000E+02  1.0526000E+02  1.0526000E+02  1.0526000E+02  1.0526000E+02  1.1842000E+02
  1.1842000E+02  1.1842000E+02  1.1842000E+02  1.1842000E+02  1.1842000E+02  1.3158000E+02  1.3158000E+02  1.3158000E+02  1.3158000E+02  1.3158000E+02
  1.3158000E+02  1.3158000E+02  1.1842000E+02  1.1842000E+02  1.1842000E+02  1.1842000E+02  1.3158000E+02  1.3158000E+02  1.3158000E+02  1.3158000E+02
  1.3158000E+02  1.3158000E+02  1.3158000E+02  1.4474000E+02  1.4474000E+02  1.4474000E+02  1.4474000E+02  1.4474000E+02  1.4474000E+02  1.4474000E+02
  1.4474000E+02  1.4474000E+02  1.4474000E+02  1.4474000E+02  1.4474000E+02  1.4474000E+02  1.4474000E+02  1.4474000E+02  1.4474000E+02  1.4474000E+02
  1.4474000E+02  1.0526000E+02  1.0526000E+02  1.1842000E+02  1.1842000E+02  1.1842000E+02  1.1842000E+02  1.1842000E+02  1.1842000E+02  1.1842000E+02
  1.1842000E+02  1.1842000E+02  1.1842000E+02  1.1842000E+02  1.1842000E+02  1.1842000E+02  1.1842000E+02  1.1842000E+02  1.1842000E+02  1.0526000E+02
  1.0526000E+02  1.0526000E+02  1.0526000E+02  1.1842000E+02  1.1842000E+02  1.0526000E+02  1.0526000E+02  1.0526000E+02  1.0526000E+02  1.0526000E+02
  1.0526000E+02  1.0526000E+02  1.1842000E+02  1.1842000E+02  1.1842000E+02  1.1842000E+02  1.1842000E+02  7.8947000E+01  7.8947000E+01  7.8947000E+01
  7.8947000E+01  9.2105000E+01  9.2105000E+01  9.2105000E+01  9.2105000E+01  9.2105000E+01  9.2105000E+01  9.2105000E+01  9.2105000E+01  9.2105000E+01
  9.2105000E+01  9.2105000E+01  9.2105000E+01  9.2105000E+01  9.2105000E+01  9.2105000E+01  9.2105000E+01  9.2105000E+01  9.2105000E+01  9.2105000E+01
  9.2105000E+01  9.2105000E+01  9.2105000E+01  9.2105000E+01  9.2105000E+01  9.2105000E+01  9.2105000E+01  9.2105000E+01  9.2105000E+01  9.2105000E+01
  9.2105000E+01  9.2105000E+01  9.2105000E+01  9.2105000E+01  1.0526000E+02  1.0526000E+02  1.0526000E+02  1.0526000E+02  1.0526000E+02  1.0526000E+02
  1.0526000E+02  1.0526000E+02  1.0526000E+02  1.0526000E+02  1.0526000E+02  1.0526000E+02  1.0526000E+02  1.0526000E+02  1.0526000E+02  1.0526000E+02
  1.0526000E+02  9.2105000E+01  9.2105000E+01  9.2105000E+01  9.2105000E+01  9.2105000E+01  9.2105000E+01  9.2105000E+01  9.2105000E+01  9.2105000E+01
  9.2105000E+01  9.2105000E+01  9.2105000E+01  9.2105000E+01  9.2105000E+01  9.2105000E+01  9.2105000E+01  9.2105000E+01  9.2105000E+01  7.8947000E+01
  7.8947000E+01  7.8947000E+01  7.8947000E+01  7.8947000E+01  7.8947000E+01  7.8947000E+01  7.8947000E+01  7.8947000E+01  7.8947000E+01  7.8947000E+01
  7.8947000E+01  7.8947000E+01  7.8947000E+01  7.8947000E+01  7.8947000E+01  7.8947000E+01  7.8947000E+01  7.8947000E+01  7.8947000E+01  7.8947000E+01
  7.8947000E+01  7.8947000E+01  7.8947000E+01  7.8947000E+01  7.8947000E+01  7.8947000E+01  7.8947000E+01  7.8947000E+01  7.8947000E+01  7.8947000E+01
  7.8947000E+01  7.8947000E+01  7.8947000E+01  7.8947000E+01  7.8947000E+01  7.8947000E+01  7.8947000E+01  7.8947000E+01  7.8947000E+01  7.8947000E+01
  7.8947000E+01  7.8947000E+01  7.8947000E+01  7.8947000E+01  7.8947000E+01  7.8947000E+01  7.8947000E+01  7.8947000E+01  7.8947000E+01  7.8947000E+01
  7.8947000E+01  7.8947000E+01  7.8947000E+01  7.8947000E+01  7.8947000E+01  7.8947000E+01  7.8947000E+01  7.8947000E+01  7.8947000E+01  7.8947000E+01
  7.8947000E+01  7.8947000E+01  7.8947000E+01  7.8947000E+01  7.8947000E+01  7.8947000E+01  7.8947000E+01  7.8947000E+01  7.8947000E+01  7.8947000E+01
  7.8947000E+01  7.8947000E+01  7.8947000E+01  7.8947000E+01  7.8947000E+01  7.8947000E+01  7.8947000E+01  7.8947000E+01  7.8947000E+01  7.8947000E+01
  7.8947000E+01  7.8947000E+01  7.8947000E+01  7.8947000E+01  7.8947000E+01  7.8947000E+01  7.8947000E+01  7.8947000E+01  7.8947000E+01  7.8947000E+01
  7.8947000E+01  7.8947000E+01  7.8947000E+01  7.8947000E+01  7.8947000E+01  7.8947000E+01  7.8947000E+01  7.8947000E+01  7.8947000E+01  7.8947000E+01
  7.8947000E+01  7.8947000E+01  7.8947000E+01  7.8947000E+01  7.8947000E+01  7.8947000E+01  7.8947000E+01  7.8947000E+01  7.8947000E+01  7.8947000E+01
  7.8947000E+01  7.8947000E+01  7.8947000E+01  7.8947000E+01  7.8947000E+01  9.2105000E+01  9.2105000E+01  9.2105000E+01  9.2105000E+01  9.2105000E+01
  9.2105000E+01  9.2105000E+01  9.2105000E+01  9.2105000E+01  9.2105000E+01  9.2105000E+01  9.2105000E+01  9.2105000E+01  9.2105000E+01  9.2105000E+01
  9.2105000E+01  9.2105000E+01  9.2105000E+01  9.2105000E+01  9.2105000E+01  9.2105000E+01  9.2105000E+01  9.2105000E+01  9.2105000E+01  9.2105000E+01
  9.2105000E+01  9.2105000E+01  9.2105000E+01  9.2105000E+01  9.2105000E+01  9.2105000E+01  9.2105000E+01  9.2105000E+01  9.2105000E+01  9.2105000E+01
  9.2105000E+01  9.2105000E+01  9.2105000E+01  9.2105000E+01  9.2105000E+01  9.2105000E+01  9.2105000E+01  9.2105000E+01  9.2105000E+01  9.2105000E+01
  9.2105000E+01  9.2105000E+01  9.2105000E+01  9.2105000E+01  9.2105000E+01  9.2105000E+01  9.2105000E+01  9.2105000E+01  9.2105000E+01  9.2105000E+01
  9.2105000E+01  9.2105000E+01  9.2105000E+01  9.2105000E+01  9.2105000E+01  9.2105000E+01  9.2105000E+01  9.2105000E+01  9.2105000E+01  9.2105000E+01
  9.2105000E+01  7.8947000E+01  7.8947000E+01  9.2105000E+01  9.2105000E+01  9.2105000E+01  9.2105000E+01  9.2105000E+01  9.2105000E+01  9.2105000E+01
  9.2105000E+01  9.2105000E+01  9.2105000E+01  9.2105000E+01  9.2105000E+01  9.2105000E+01  9.2105000E+01  9.2105000E+01  9.2105000E+01  9.2105000E+01
  9.2105000E+01  9.2105000E+01  9.2105000E+01  9.2105000E+01  9.2105000E+01  9.2105000E+01  9.2105000E+01  9.2105000E+01  9.2105000E+01  9.2105000E+01
  9.2105000E+01  9.2105000E+01  9.2105000E+01  9.2105000E+01  9.2105000E+01  9.2105000E+01  9.2105000E+01  9.2105000E+01  9.2105000E+01  9.2105000E+01
  9.2105000E+01  9.2105000E+01  9.2105000E+01  9.2105000E+01  9.2105000E+01  9.2105000E+01  9.2105000E+01  9.2105000E+01  9.2105000E+01  9.2105000E+01
  9.2105000E+01  9.2105000E+01  9.2105000E+01  9.2105000E+01  9.2105000E+01  9.2105000E+01  9.2105000E+01  9.2105000E+01  9.2105000E+01  9.2105000E+01
  9.2105000E+01  9.2105000E+01  9.2105000E+01  9.2105000E+01  9.2105000E+01  9.2105000E+01  9.2105000E+01  9.2105000E+01  9.2105000E+01  9.2105000E+01
  9.2105000E+01  9.2105000E+01  9.2105000E+01  9.2105000E+01  9.2105000E+01  9.2105000E+01  9.2105000E+01  9.2105000E+01  9.2105000E+01  9.2105000E+01
  9.2105000E+01  9.2105000E+01  9.2105000E+01  9.2105000E+01  9.2105000E+01  9.2105000E+01  9.2105000E+01  9.2105000E+01  9.2105000E+01  9.2105000E+01
  1.0526000E+02  1.0526000E+02  1.0526000E+02  1.0526000E+02  1.0526000E+02  1.0526000E+02  9.2105000E+01  9.2105000E+01  9.2105000E+01  9.2105000E+01
  9.2105000E+01  9.2105000E+01  9.2105000E+01  9.2105000E+01  9.2105000E+01  9.2105000E+01  9.2105000E+01  9.2105000E+01  9.2105000E+01  9.2105000E+01
  9.2105000E+01  9.2105000E+01  9.2105000E+01  9.2105000E+01  9.2105000E+01  9.2105000E+01  9.2105000E+01  9.2105000E+01  9.2105000E+01  9.2105000E+01
  9.2105000E+01  9.2105000E+01  9.2105000E+01  9.2105000E+01  9.2105000E+01  9.2105000E+01  9.2105000E+01  9.2105000E+01  9.2105000E+01  9.2105000E+01
  9.2105000E+01  9.2105000E+01  9.2105000E+01  9.2105000E+01  9.2105000E+01  9.2105000E+01  9.2105000E+01  9.2105000E+01  9.2105000E+01  9.2105000E+01
  9.2105000E+01  9.2105000E+01  9.2105000E+01  9.2105000E+01  9.2105000E+01  9.2105000E+01  9.2105000E+01  9.2105000E+01  9.2105000E+01  9.2105000E+01
  9.2105000E+01  9.2105000E+01  9.2105000E+01  9.2105000E+01  9.2105000E+01  9.2105000E+01  9.2105000E+01  9.2105000E+01  9.2105000E+01  9.2105000E+01
  9.2105000E+01  1.0526000E+02  1.0526000E+02  1.0526000E+02  1.0526000E+02  1.0526000E+02  1.0526000E+02  1.0526000E+02  1.0526000E+02  1.0526000E+02
  1.0526000E+02  1.0526000E+02  1.0526000E+02  1.0526000E+02  1.0526000E+02  1.0526000E+02  1.0526000E+02  1.0526000E+02  1.0526000E+02  1.0526000E+02
  1.0526000E+02  1.0526000E+02  1.0526000E+02  1.0526000E+02  1.0526000E+02  1.0526000E+02  1.0526000E+02  1.0526000E+02  1.0526000E+02  1.0526000E+02
  9.2105000E+01  9.2105000E+01  9.2105000E+01  9.2105000E+01  9.2105000E+01  9.2105000E+01  9.2105000E+01  9.2105000E+01  9.2105000E+01  9.2105000E+01
  9.2105000E+01  9.2105000E+01  9.2105000E+01  9.2105000E+01  9.2105000E+01  9.2105000E+01  9.2105000E+01  9.2105000E+01  9.2105000E+01  9.2105000E+01
  9.2105000E+01  9.2105000E+01  9.2105000E+01  9.2105000E+01  9.2105000E+01  9.2105000E+01  9.2105000E+01  9.2105000E+01  9.2105000E+01  9.2105000E+01
  9.2105000E+01  9.2105000E+01  9.2105000E+01  9.2105000E+01  9.2105000E+01  1.0526000E+02  1.0526000E+02  1.0526000E+02  1.0526000E+02  1.0526000E+02
  1.0526000E+02  1.0526000E+02  1.0526000E+02  1.0526000E+02  1.0526000E+02  1.0526000E+02  1.0526000E+02  1.0526000E+02  1.0526000E+02  1.0526000E+02
  1.0526000E+02  1.0526000E+02  1.0526000E+02  1.0526000E+02  1.0526000E+02  1.0526000E+02  1.0526000E+02  1.0526000E+02  1.0526000E+02  1.0526000E+02
  1.0526000E+02  1.0526000E+02  1.0526000E+02  1.0526000E+02  1.0526000E+02  1.0526000E+02  1.0526000E+02  1.0526000E+02  1.0526000E+02  1.0526000E+02
  1.0526000E+02  1.0526000E+02  1.0526000E+02  1.0526000E+02  1.0526000E+02  1.0526000E+02  1.0526000E+02  1.0526000E+02  1.0526000E+02  1.0526000E+02
  1.0526000E+02  1.0526000E+02  1.0526000E+02  1.0526000E+02  1.0526000E+02  1.0526000E+02  1.0526000E+02  1.0526000E+02  1.0526000E+02  1.0526000E+02
  1.0526000E+02  1.0526000E+02  1.0526000E+02  1.0526000E+02  1.0526000E+02  1.0526000E+02  1.0526000E+02  1.0526000E+02  1.0526000E+02  1.0526000E+02
  1.0526000E+02  1.0526000E+02  1.0526000E+02  1.0526000E+02  1.0526000E+02  1.0526000E+02  1.0526000E+02  1.0526000E+02  1.0526000E+02  1.0526000E+02
  1.0526000E+02  1.0526000E+02  1.0526000E+02  1.0526000E+02  1.0526000E+02  1.0526000E+02  1.0526000E+02  1.0526000E+02  1.0526000E+02  1.0526000E+02
  1.0526000E+02  1.0526000E+02  1.0526000E+02  1.0526000E+02  1.0526000E+02  1.0526000E+02  1.0526000E+02  1.0526000E+02  1.0526000E+02  1.0526000E+02
  1.0526000E+02  1.0526000E+02  1.0526000E+02  1.0526000E+02  1.0526000E+02  1.0526000E+02  1.0526000E+02  1.0526000E+02  1.0526000E+02  1.0526000E+02
  1.0526000E+02  1.0526000E+02  1.0526000E+02  1.0526000E+02  1.0526000E+02  1.0526000E+02  1.0526000E+02  1.0526000E+02  1.0526000E+02  1.0526000E+02
  1.0526000E+02  1.0526000E+02  1.0526000E+02  1.0526000E+02  1.0526000E+02  1.0526000E+02  1.0526000E+02  1.0526000E+02  1.0526000E+02  1.0526000E+02
  1.0526000E+02  1.0526000E+02  1.0526000E+02  1.0526000E+02  1.0526000E+02  1.0526000E+02  1.0526000E+02  1.0526000E+02  1.0526000E+02  1.0526000E+02
  1.0526000E+02  1.0526000E+02  1.0526000E+02  1.0526000E+02  1.0526000E+02  1.0526000E+02  1.0526000E+02  1.0526000E+02  1.0526000E+02  1.0526000E+02
  1.0526000E+02  1.0526000E+02  1.0526000E+02  1.0526000E+02  1.0526000E+02  1.0526000E+02  1.0526000E+02  1.0526000E+02  1.0526000E+02  1.0526000E+02
  1.0526000E+02  1.0526000E+02  1.0526000E+02  1.0526000E+02  1.0526000E+02  1.0526000E+02  1.0526000E+02  1.0526000E+02  1.0526000E+02  1.0526000E+02
  1.0526000E+02  1.0526000E+02  1.0526000E+02  1.0526000E+02  1.0526000E+02  1.0526000E+02  1.0526000E+02  1.0526000E+02  1.0526000E+02  1.0526000E+02
  1.0526000E+02  1.0526000E+02  1.0526000E+02  1.0526000E+02  1.0526000E+02  1.0526000E+02  1.0526000E+02  1.0526000E+02  1.0526000E+02  1.0526000E+02
  1.0526000E+02  1.0526000E+02  1.0526000E+02  1.0526000E+02  1.0526000E+02  1.0526000E+02  1.0526000E+02  1.0526000E+02  1.0526000E+02  1.0526000E+02
  1.0526000E+02  1.0526000E+02  1.0526000E+02  1.0526000E+02  1.0526000E+02  1.0526000E+02  1.0526000E+02  1.0526000E+02  1.0526000E+02  1.0526000E+02
  1.0526000E+02  1.1842000E+02  1.0526000E+02  1.0526000E+02  1.0526000E+02  1.0526000E+02  1.0526000E+02  1.1842000E+02  1.1842000E+02  1.1842000E+02
  1.1842000E+02  1.1842000E+02  1.1842000E+02  1.1842000E+02  1.1842000E+02  1.1842000E+02  1.1842000E+02  1.1842000E+02  1.1842000E+02  1.0526000E+02
  1.0526000E+02  1.0526000E+02  1.0526000E+02  1.0526000E+02  1.0526000E+02  1.0526000E+02  1.0526000E+02  1.0526000E+02  1.0526000E+02  1.0526000E+02
  1.0526000E+02  1.0526000E+02  1.0526000E+02  1.0526000E+02  1.0526000E+02  1.0526000E+02  1.0526000E+02  1.0526000E+02  1.0526000E+02  1.0526000E+02
  1.0526000E+02  1.0526000E+02  1.0526000E+02  1.0526000E+02  1.0526000E+02  1.0526000E+02  1.0526000E+02  1.0526000E+02  1.0526000E+02  1.0526000E+02
  1.0526000E+02  1.0526000E+02  1.0526000E+02  1.0526000E+02  1.0526000E+02  1.0526000E+02  1.0526000E+02  1.0526000E+02  1.0526000E+02  1.0526000E+02
  1.0526000E+02  1.0526000E+02  1.0526000E+02  1.0526000E+02  1.0526000E+02  1.0526000E+02  1.0526000E+02  1.0526000E+02  1.0526000E+02  1.0526000E+02
  1.0526000E+02  1.0526000E+02  1.0526000E+02
  1.8140000E-03  1.2690000E-03  9.4550000E-04  7.0350000E-04  5.2010000E-04  3.6820000E-04  2.3970000E-04  1.3010000E-04  2.9310000E-05 -6.3360000E-05
 -1.4780000E-04 -2.2520000E-04 -2.9660000E-04 -3.6390000E-04 -4.2680000E-04 -4.8760000E-04 -5.4800000E-04 -6.0480000E-04 -6.5760000E-04 -8.1290000E-04
 -8.6670000E-04 -9.1990000E-04 -9.8300000E-04 -1.0510000E-03 -1.1190000E-03 -1.1870000E-03 -1.2510000E-03 -1.3040000E-03 -1.3570000E-03 -1.4060000E-03
 -1.4580000E-03 -1.5070000E-03 -1.5530000E-03 -1.6170000E-03 -1.6830000E-03 -1.7310000E-03 -1.7780000E-03 -1.9200000E-03 -1.9720000E-03 -2.0210000E-03
 -2.0550000E-03 -2.0950000E-03 -2.1380000E-03 -2.1650000E-03 -2.1880000E-03 -2.2270000E-03 -2.2840000E-03 -2.3450000E-03 -2.3930000E-03 -2.4400000E-03
 -2.5180000E-03 -2.6030000E-03 -2.6720000E-03 -2.7300000E-03 -2.7650000E-03 -2.8040000E-03 -2.8260000E-03 -2.8370000E-03 -2.8410000E-03 -2.8730000E-03
 -2.9330000E-03 -3.0390000E-03 -3.1140000E-03 -3.1870000E-03 -3.2330000E-03 -3.2690000E-03 -3.2980000E-03 -3.3160000E-03 -3.3300000E-03 -3.3280000E-03
 -3.3310000E-03 -3.3290000E-03 -3.3150000E-03 -3.3270000E-03 -3.3170000E-03 -3.3100000E-03 -3.3160000E-03 -3.3330000E-03 -3.3520000E-03 -3.3480000E-03
 -3.3500000E-03 -3.3650000E-03 -3.3970000E-03 -3.4270000E-03 -3.4580000E-03 -3.4930000E-03 -3.5180000E-03 -3.5610000E-03 -3.6150000E-03 -3.6740000E-03
 -3.7200000E-03 -3.7890000E-03 -3.8310000E-03 -3.8940000E-03 -3.9530000E-03 -3.9770000E-03 -3.9800000E-03 -3.9770000E-03 -3.9810000E-03 -4.0060000E-03
 -4.0260000E-03 -4.0310000E-03 -4.0320000E-03 -4.0390000E-03 -4.0520000E-03 -4.0670000E-03 -4.0880000E-03 -4.0720000E-03 -4.0270000E-03 -4.0090000E-03
 -4.0400000E-03 -4.0690000E-03 -4.0980000E-03 -4.1160000E-03 -4.1170000E-03 -4.1130000E-03 -4.1050000E-03 -4.1040000E-03 -4.1000000E-03 -4.0880000E-03
 -4.0830000E-03 -4.0980000E-03 -4.1160000E-03 -4.1070000E-03 -4.0690000E-03 -4.0460000E-03 -4.0370000E-03 -4.0410000E-03 -4.0850000E-03 -4.1160000E-03
 -4.1310000E-03 -4.1330000E-03 -4.1320000E-03 -4.1470000E-03 -4.1760000E-03 -4.2140000E-03 -4.2460000E-03 -4.2840000E-03 -4.3240000E-03 -4.3540000E-03
 -4.3750000E-03 -4.4020000E-03 -4.4290000E-03 -4.4430000E-03 -4.4520000E-03 -4.5040000E-03 -4.5260000E-03 -4.5730000E-03 -4.6110000E-03 -4.6000000E-03
 -4.5790000E-03 -4.5680000E-03 -4.5700000E-03 -4.5770000E-03 -4.5740000E-03 -4.5770000E-03 -4.5870000E-03 -4.5910000E-03 -4.5810000E-03 -4.5710000E-03
 -4.5640000E-03 -4.5780000E-03 -4.6090000E-03 -4.6800000E-03 -4.6730000E-03 -4.6660000E-03 -4.6690000E-03 -4.6700000E-03 -4.6780000E-03 -4.6750000E-03
 -4.6680000E-03 -4.6740000E-03 -4.6810000E-03 -4.6580000E-03 -4.6390000E-03 -4.6510000E-03 -4.6900000E-03 -4.7190000E-03 -4.7440000E-03 -4.7680000E-03
 -4.7820000E-03 -4.7570000E-03 -4.7690000E-03 -4.8020000E-03 -4.8320000E-03 -4.8480000E-03 -4.8580000E-03 -4.8550000E-03 -4.8490000E-03 -4.8500000E-03
 -4.8420000E-03 -4.8260000E-03 -4.8060000E-03 -4.7890000E-03 -4.7830000E-03 -4.7880000E-03 -4.8040000E-03 -4.7960000E-03 -4.8160000E-03 -4.8170000E-03
 -4.8090000E-03 -4.8220000E-03 -4.8530000E-03 -4.8980000E-03 -4.9230000E-03 -4.9260000E-03 -4.9190000E-03 -4.9120000E-03 -4.9130000E-03 -4.9460000E-03
 -4.9770000E-03 -4.9760000E-03 -4.9530000E-03 -4.9160000E-03 -4.8850000E-03 -4.8570000E-03 -4.8290000E-03 -4.8000000E-03 -4.7720000E-03 -4.7450000E-03
 -4.7320000E-03 -4.7080000E-03 -4.6800000E-03 -4.6830000E-03 -4.7230000E-03 -4.7590000E-03 -4.7880000E-03 -4.8210000E-03 -4.8590000E-03 -4.8870000E-03
 -4.8970000E-03 -4.9100000E-03 -4.9420000E-03 -4.9940000E-03 -5.0630000E-03 -5.1340000E-03 -5.1490000E-03 -5.1340000E-03 -5.1200000E-03 -5.1010000E-03
 -5.0600000E-03 -5.0300000E-03 -5.0210000E-03 -5.0340000E-03 -5.0210000E-03 -4.9940000E-03 -4.9800000E-03 -4.9560000E-03 -4.9190000E-03 -4.8910000E-03
 -4.8710000E-03 -4.8570000E-03 -4.8320000E-03 -4.7190000E-03 -4.6970000E-03 -4.6870000E-03 -4.6760000E-03 -4.6740000E-03 -4.6850000E-03 -4.6950000E-03
 -4.6960000E-03 -4.6970000E-03 -4.6940000E-03 -4.6940000E-03 -4.6950000E-03 -4.6950000E-03 -4.6960000E-03 -4.6930000E-03 -4.6930000E-03 -4.6910000E-03
 -4.6890000E-03 -4.6970000E-03 -4.7100000E-03 -4.7320000E-03 -4.7490000E-03 -4.7620000E-03 -4.7650000E-03 -4.7670000E-03 -4.7690000E-03 -4.7700000E-03
 -4.7630000E-03 -4.7600000E-03 -4.7590000E-03 -4.7630000E-03 -4.7660000E-03 -4.7700000E-03 -4.7740000E-03 -4.7840000E-03 -4.7950000E-03 -4.8010000E-03
 -4.8040000E-03 -4.8000000E-03 -4.7970000E-03 -4.7940000E-03 -4.7910000E-03 -4.7860000E-03 -4.7830000E-03 -4.7810000E-03 -4.7790000E-03 -4.7780000E-03
 -4.7770000E-03 -4.7750000E-03 -4.7730000E-03 -4.7750000E-03 -4.7760000E-03 -4.7770000E-03 -4.7780000E-03 -4.7820000E-03 -4.8100000E-03 -4.7960000E-03
 -4.7950000E-03 -4.8060000E-03 -4.8140000E-03 -4.8210000E-03 -4.8300000E-03 -4.8400000E-03 -4.8420000E-03 -4.8520000E-03 -4.8590000E-03 -4.8690000E-03
 -4.8790000E-03 -4.8900000E-03 -4.9000000E-03 -4.9130000E-03 -4.9250000E-03 -4.9630000E-03 -4.9790000E-03 -4.9650000E-03 -4.9980000E-03 -5.0090000E-03
 -5.0300000E-03 -5.0310000E-03 -5.0620000E-03 -5.0920000E-03 -5.0840000E-03 -5.0970000E-03 -5.1140000E-03 -5.1290000E-03 -5.1440000E-03 -5.1610000E-03
 -5.1750000E-03 -5.1890000E-03 -5.2030000E-03 -5.2430000E-03 -5.2580000E-03 -5.2630000E-03 -5.2900000E-03 -5.3040000E-03 -5.3260000E-03 -5.3320000E-03
 -5.3560000E-03 -5.3520000E-03 -5.3740000E-03 -5.3890000E-03 -5.4000000E-03 -5.4180000E-03 -5.4180000E-03 -5.4470000E-03 -5.4620000E-03 -5.4820000E-03
 -5.4900000E-03 -5.5200000E-03 -5.5360000E-03 -5.5480000E-03 -5.5700000E-03 -5.5810000E-03 -5.5990000E-03 -5.6300000E-03 -5.6450000E-03 -5.6490000E-03
 -5.6480000E-03 -5.6610000E-03 -5.6620000E-03 -5.6940000E-03 -5.7020000E-03 -5.7230000E-03 -5.7550000E-03 -5.7520000E-03 -5.7510000E-03 -5.8120000E-03
 -5.8310000E-03 -5.8330000E-03 -5.8470000E-03 -5.8600000E-03 -5.8740000E-03 -5.8800000E-03 -5.8970000E-03 -5.9120000E-03 -5.9300000E-03 -5.9460000E-03
 -5.9510000E-03 -5.9800000E-03 -5.9710000E-03 -5.9770000E-03 -6.0190000E-03 -6.0250000E-03 -6.0300000E-03 -6.0800000E-03 -6.0880000E-03 -6.0970000E-03
 -6.1300000E-03 -6.1180000E-03 -6.1370000E-03 -6.1420000E-03 -6.1790000E-03 -6.1810000E-03 -6.2020000E-03 -6.1990000E-03 -6.2160000E-03 -6.1990000E-03
 -6.2300000E-03 -6.2470000E-03 -6.2450000E-03 -6.2810000E-03 -6.2840000E-03 -6.3170000E-03 -6.3110000E-03 -6.3470000E-03 -6.3670000E-03 -6.3760000E-03
 -6.3830000E-03 -6.3860000E-03 -6.3990000E-03 -6.4190000E-03 -6.4410000E-03 -6.4300000E-03 -6.4460000E-03 -6.4480000E-03 -6.4810000E-03 -6.5110000E-03
 -6.5210000E-03 -6.5260000E-03 -6.5410000E-03 -6.5550000E-03 -6.5740000E-03 -6.6010000E-03 -6.5990000E-03 -6.6100000E-03 -6.6150000E-03 -6.6420000E-03
 -6.6420000E-03 -6.6640000E-03 -6.6660000E-03 -6.6980000E-03 -6.7120000E-03 -6.7060000E-03 -6.7230000E-03 -6.7270000E-03 -6.7270000E-03 -6.7370000E-03
 -6.7690000E-03 -6.8050000E-03 -6.7900000E-03 -6.8020000E-03 -6.8330000E-03 -6.8450000E-03 -6.8600000E-03 -6.8810000E-03 -6.8810000E-03 -6.8960000E-03
 -6.9150000E-03 -6.9220000E-03 -6.9220000E-03 -6.9330000E-03 -6.9260000E-03 -6.9550000E-03 -6.9650000E-03 -6.9780000E-03 -6.9840000E-03 -7.0170000E-03
 -7.0280000E-03 -7.0360000E-03 -7.0340000E-03 -7.0530000E-03 -7.0640000E-03 -7.0750000E-03 -7.0860000E-03 -7.0960000E-03 -7.1050000E-03 -7.1310000E-03
 -7.1250000E-03 -7.1270000E-03 -7.1350000E-03 -7.1360000E-03 -7.1580000E-03 -7.1620000E-03 -7.1700000E-03 -7.1930000E-03 -7.2010000E-03 -7.2160000E-03
 -7.2260000E-03 -7.2270000E-03 -7.2340000E-03 -7.2400000E-03 -7.2490000E-03 -7.2300000E-03 -7.2660000E-03 -7.2620000E-03 -7.2970000E-03 -7.2910000E-03
 -7.3300000E-03 -7.3020000E-03 -7.3070000E-03 -7.3130000E-03 -7.3250000E-03 -7.3600000E-03 -7.3650000E-03 -7.3630000E-03 -7.3670000E-03 -7.3630000E-03
 -7.3590000E-03 -7.3870000E-03 -7.4190000E-03 -7.4020000E-03 -7.4430000E-03 -7.4410000E-03 -7.4290000E-03 -7.4510000E-03 -7.4570000E-03 -7.4650000E-03
 -7.4760000E-03 -7.4620000E-03 -7.4800000E-03 -7.5150000E-03 -7.5380000E-03 -7.5360000E-03 -7.5270000E-03 -7.5200000E-03 -7.5370000E-03 -7.5470000E-03
 -7.5730000E-03 -7.5740000E-03 -7.5660000E-03 -7.5660000E-03 -7.5770000E-03 -7.6340000E-03 -7.6080000E-03 -7.6360000E-03 -7.6060000E-03 -7.6270000E-03
 -7.6320000E-03 -7.6470000E-03 -7.6470000E-03 -7.6570000E-03 -7.7050000E-03 -7.6820000E-03 -7.6880000E-03 -7.6720000E-03 -7.6840000E-03 -7.7000000E-03
 -7.7100000E-03 -7.7080000E-03 -7.7510000E-03 -7.7250000E-03 -7.7300000E-03 -7.7380000E-03 -7.7620000E-03 -7.7860000E-03 -7.7570000E-03 -7.8220000E-03
 -7.8020000E-03 -7.8220000E-03 -7.8170000E-03 -7.8100000E-03 -7.8290000E-03 -7.8530000E-03 -7.8530000E-03 -7.8800000E-03 -7.8770000E-03 -7.8680000E-03
 -7.8540000E-03 -7.8880000E-03 -7.8960000E-03 -7.8760000E-03 -7.9300000E-03 -7.9200000E-03 -7.9470000E-03 -7.9580000E-03 -7.9670000E-03 -7.9380000E-03
 -7.9540000E-03 -7.9670000E-03 -7.9750000E-03 -8.0170000E-03 -8.0040000E-03 -8.0200000E-03 -8.0150000E-03 -8.0080000E-03 -8.0230000E-03 -8.0290000E-03
 -8.0190000E-03 -8.0510000E-03 -8.0680000E-03 -8.0760000E-03 -8.0720000E-03 -8.0600000E-03 -8.0950000E-03 -8.1090000E-03 -8.0890000E-03 -8.0990000E-03
 -8.0970000E-03 -8.1180000E-03 -8.1240000E-03 -8.1130000E-03 -8.1180000E-03 -8.1400000E-03 -8.1360000E-03 -8.1400000E-03 -8.1460000E-03 -8.1460000E-03
 -8.1510000E-03 -8.1470000E-03 -8.1510000E-03 -8.1970000E-03 -8.1920000E-03 -8.1770000E-03 -8.1780000E-03 -8.1650000E-03 -8.1880000E-03 -8.1740000E-03
 -8.2140000E-03 -8.2240000E-03 -8.2100000E-03 -8.2110000E-03 -8.2130000E-03 -8.2150000E-03 -8.2180000E-03 -8.2310000E-03 -8.2230000E-03 -8.2430000E-03
 -8.2400000E-03 -8.2620000E-03 -8.2630000E-03 -8.2440000E-03 -8.2390000E-03 -8.2720000E-03 -8.2830000E-03 -8.2750000E-03 -8.2800000E-03 -8.2930000E-03
 -8.3070000E-03 -8.3050000E-03 -8.3000000E-03 -8.2880000E-03 -8.2810000E-03 -8.3120000E-03 -8.3210000E-03 -8.3390000E-03 -8.3510000E-03 -8.3410000E-03
 -8.3470000E-03 -8.3240000E-03 -8.3710000E-03 -8.3680000E-03 -8.3960000E-03 -8.3740000E-03 -8.3670000E-03 -8.3920000E-03 -8.3980000E-03 -8.3760000E-03
 -8.4110000E-03 -8.4170000E-03 -8.4480000E-03 -8.4450000E-03 -8.4310000E-03 -8.4200000E-03 -8.4110000E-03 -8.4780000E-03 -8.4790000E-03 -8.4640000E-03
 -8.4810000E-03 -8.4460000E-03 -8.4810000E-03 -8.4870000E-03 -8.4900000E-03 -8.5000000E-03 -8.5040000E-03 -8.5240000E-03 -8.5140000E-03 -8.5140000E-03
 -8.5150000E-03 -8.5190000E-03 -8.5250000E-03 -8.5410000E-03 -8.5270000E-03 -8.5440000E-03 -8.5480000E-03 -8.5500000E-03 -8.5540000E-03 -8.5580000E-03
 -8.5580000E-03 -8.5600000E-03 -8.5620000E-03 -8.5600000E-03 -8.5660000E-03 -8.5640000E-03 -8.5880000E-03 -8.6100000E-03 -8.5790000E-03 -8.5830000E-03
 -8.5980000E-03 -8.5720000E-03 -8.5920000E-03 -8.6060000E-03 -8.6110000E-03 -8.6130000E-03 -8.6310000E-03 -8.6020000E-03 -8.6160000E-03 -8.6180000E-03
 -8.6210000E-03 -8.6280000E-03 -8.6300000E-03 -8.6320000E-03 -8.6430000E-03 -8.6330000E-03 -8.6170000E-03 -8.6100000E-03 -8.6300000E-03 -8.6610000E-03
 -8.6570000E-03 -8.6860000E-03 -8.6880000E-03 -8.6760000E-03 -8.6570000E-03 -8.6620000E-03 -8.6580000E-03 -8.6800000E-03 -8.6820000E-03 -8.6900000E-03
 -8.7090000E-03 -8.6880000E-03 -8.7160000E-03 -8.7000000E-03 -8.7280000E-03 -8.7110000E-03 -8.7100000E-03 -8.7150000E-03 -8.7080000E-03 -8.7030000E-03
 -8.7300000E-03 -8.7390000E-03 -8.7680000E-03 -8.7500000E-03 -8.7530000E-03 -8.7450000E-03 -8.7250000E-03 -8.7710000E-03 -8.7480000E-03 -8.7690000E-03
 -8.7740000E-03 -8.7810000E-03 -8.7850000E-03 -8.8150000E-03 -8.7900000E-03 -8.7960000E-03 -8.7990000E-03 -8.8020000E-03 -8.7800000E-03 -8.7900000E-03
 -8.7990000E-03 -8.8220000E-03 -8.8260000E-03 -8.8270000E-03 -8.8270000E-03 -8.8030000E-03 -8.8390000E-03 -8.8420000E-03 -8.8430000E-03 -8.8470000E-03
 -8.8710000E-03 -8.8570000E-03 -8.8570000E-03 -8.8650000E-03 -8.8690000E-03 -8.8720000E-03 -8.8670000E-03 -8.8690000E-03 -8.8780000E-03 -8.8780000E-03
 -8.8800000E-03 -8.8840000E-03 -8.8810000E-03 -8.8780000E-03 -8.8890000E-03 -8.8830000E-03 -8.8810000E-03 -8.8760000E-03 -8.8760000E-03 -8.8810000E-03
 -8.8840000E-03 -8.8840000E-03 -8.8840000E-03 -8.9380000E-03 -8.8990000E-03 -8.9010000E-03 -8.9010000E-03 -8.8980000E-03 -8.8970000E-03 -8.8980000E-03
 -8.8780000E-03 -8.9080000E-03 -8.9200000E-03 -8.9170000E-03 -8.9200000E-03 -8.9290000E-03 -8.9040000E-03 -8.8810000E-03 -8.8730000E-03 -8.9430000E-03
 -8.9260000E-03 -8.9290000E-03 -8.9330000E-03 -8.9350000E-03 -8.9360000E-03 -8.9380000E-03 -8.9440000E-03 -8.9470000E-03 -8.9450000E-03 -8.9410000E-03
 -8.9400000E-03 -8.9420000E-03 -8.9200000E-03 -8.9460000E-03 -8.9460000E-03 -8.9650000E-03 -8.9550000E-03 -8.9550000E-03 -8.9520000E-03 -8.9600000E-03
 -8.9720000E-03 -8.9570000E-03 -8.9490000E-03 -8.9640000E-03 -8.9630000E-03 -8.9590000E-03 -8.9580000E-03 -8.9600000E-03 -8.9630000E-03 -8.9900000E-03
 -8.9580000E-03 -8.9170000E-03 -8.9620000E-03 -8.9620000E-03 -8.9650000E-03 -8.9700000E-03 -8.9650000E-03 -8.9700000E-03 -8.9700000E-03 -8.9500000E-03
 -8.9490000E-03 -8.9730000E-03 -8.9730000E-03 -8.9780000E-03 -8.9690000E-03 -8.9360000E-03 -8.9800000E-03 -8.9660000E-03 -8.9750000E-03 -8.9640000E-03
 -8.9640000E-03 -8.9800000E-03 -8.9480000E-03 -8.9840000E-03 -8.9850000E-03 -8.9620000E-03 -8.9860000E-03 -9.0190000E-03 -8.9740000E-03 -8.9880000E-03
 -8.9900000E-03 -9.0270000E-03 -8.9880000E-03 -8.9890000E-03 -8.9720000E-03 -8.9800000E-03 -8.9980000E-03 -9.0010000E-03 -9.0090000E-03 -9.0070000E-03
 -9.0100000E-03 -9.0060000E-03 -9.0070000E-03 -9.0070000E-03 -9.0090000E-03 -9.0090000E-03 -9.0130000E-03 -9.0120000E-03 -9.0120000E-03 -9.0180000E-03
 -9.0220000E-03 -9.0230000E-03 -9.0010000E-03 -9.0190000E-03 -9.0230000E-03 -9.0200000E-03 -9.0170000E-03 -9.0210000E-03 -9.0210000E-03 -9.0190000E-03
 -9.0210000E-03 -9.0300000E-03 -9.0170000E-03 -9.0130000E-03 -9.0120000E-03 -9.0140000E-03 -9.0170000E-03 -9.0200000E-03 -9.0180000E-03 -9.0280000E-03
 -9.0200000E-03 -9.0220000E-03 -9.0260000E-03 -9.0200000E-03 -9.0220000E-03 -9.0540000E-03 -9.0070000E-03 -9.0240000E-03 -9.0420000E-03 -9.0310000E-03
 -9.0300000E-03 -9.0310000E-03 -9.0330000E-03 -9.0370000E-03 -9.0010000E-03 -9.0450000E-03 -9.0480000E-03 -9.0500000E-03 -9.0510000E-03 -9.0940000E-03
 -9.0470000E-03 -9.0460000E-03 -9.0460000E-03 -9.0460000E-03 -9.0480000E-03 -9.0510000E-03 -9.0540000E-03 -9.0900000E-03 -9.0520000E-03 -9.0650000E-03
 -9.0160000E-03 -9.0170000E-03 -9.0400000E-03 -9.0620000E-03 -9.0560000E-03 -9.0650000E-03 -9.0650000E-03 -9.0660000E-03 -9.0660000E-03 -9.0760000E-03
 -9.0630000E-03 -9.0210000E-03 -9.0580000E-03 -9.0290000E-03 -9.0720000E-03 -9.0780000E-03 -9.0830000E-03 -9.0800000E-03 -9.0890000E-03 -9.0760000E-03
 -9.0770000E-03 -9.0450000E-03 -9.0720000E-03 -9.0710000E-03 -9.1060000E-03 -9.0730000E-03 -9.0710000E-03 -9.0850000E-03 -9.0310000E-03 -9.1000000E-03
 -9.1150000E-03 -9.0610000E-03 -9.0620000E-03
  5.7920000E-01  5.2240000E-01  4.8150000E-01  4.5110000E-01  4.2760000E-01  4.0890000E-01  3.9390000E-01  3.8170000E-01  3.7130000E-01  3.6200000E-01
  3.5380000E-01  3.4680000E-01  3.4060000E-01  3.3570000E-01  3.3120000E-01  3.2750000E-01  3.2460000E-01  3.2180000E-01  3.1920000E-01  3.1430000E-01
  3.1400000E-01  3.1380000E-01  3.1600000E-01  3.1900000E-01  3.2210000E-01  3.2530000E-01  3.2800000E-01  3.2870000E-01  3.2920000E-01  3.2890000E-01
  3.2980000E-01  3.2990000E-01  3.3000000E-01  3.3310000E-01  3.3590000E-01  3.3590000E-01  3.3660000E-01  3.3790000E-01  3.3780000E-01  3.3740000E-01
  3.3560000E-01  3.3500000E-01  3.3480000E-01  3.3290000E-01  3.3070000E-01  3.2960000E-01  3.3060000E-01  3.3220000E-01  3.3260000E-01  3.3260000E-01
  3.3560000E-01  3.3910000E-01  3.4060000E-01  3.4110000E-01  3.4080000E-01  3.3310000E-01  3.3120000E-01  3.2830000E-01  3.2400000E-01  3.2110000E-01
  3.2180000E-01  3.2560000E-01  3.2730000E-01  3.2890000E-01  3.2930000E-01  3.2950000E-01  3.2940000E-01  3.2800000E-01  3.2560000E-01  3.2130000E-01
  3.1800000E-01  3.1520000E-01  3.1210000E-01  3.0370000E-01  2.9990000E-01  2.9660000E-01  2.9380000E-01  2.9170000E-01  2.8990000E-01  2.8710000E-01
  2.8510000E-01  2.8440000E-01  2.8480000E-01  2.8450000E-01  2.8380000E-01  2.8270000E-01  2.8120000E-01  2.8080000E-01  2.8150000E-01  2.8230000E-01
  2.8210000E-01  2.7930000E-01  2.7920000E-01  2.7980000E-01  2.8040000E-01  2.7970000E-01  2.7800000E-01  2.7550000E-01  2.7360000E-01  2.7260000E-01
  2.7170000E-01  2.7020000E-01  2.6870000E-01  2.6760000E-01  2.6680000E-01  2.6600000E-01  2.6500000E-01  2.6260000E-01  2.5920000E-01  2.5450000E-01
  2.5450000E-01  2.5440000E-01  2.5430000E-01  2.5380000E-01  2.5250000E-01  2.5110000E-01  2.4950000E-01  2.4830000E-01  2.4670000E-01  2.4520000E-01
  2.4390000E-01  2.4360000E-01  2.4320000E-01  2.4140000E-01  2.3860000E-01  2.3680000E-01  2.3550000E-01  2.3190000E-01  2.3210000E-01  2.3230000E-01
  2.3180000E-01  2.3130000E-01  2.3080000E-01  2.3060000E-01  2.3090000E-01  2.3140000E-01  2.3180000E-01  2.3220000E-01  2.3240000E-01  2.3270000E-01
  2.3280000E-01  2.3280000E-01  2.3250000E-01  2.3160000E-01  2.3120000E-01  2.3230000E-01  2.3270000E-01  2.3350000E-01  2.3420000E-01  2.3350000E-01
  2.3260000E-01  2.3200000E-01  2.3140000E-01  2.3070000E-01  2.2950000E-01  2.2850000E-01  2.2800000E-01  2.2750000E-01  2.2690000E-01  2.2620000E-01
  2.2570000E-01  2.2580000E-01  2.2610000E-01  2.2600000E-01  2.2510000E-01  2.2410000E-01  2.2340000E-01  2.2280000E-01  2.2240000E-01  2.2150000E-01
  2.2090000E-01  2.2070000E-01  2.2010000E-01  2.1890000E-01  2.1810000E-01  2.1800000E-01  2.1830000E-01  2.1850000E-01  2.1890000E-01  2.1930000E-01
  2.1900000E-01  2.1670000E-01  2.1660000E-01  2.1690000E-01  2.1680000E-01  2.1660000E-01  2.1630000E-01  2.1580000E-01  2.1540000E-01  2.1490000E-01
  2.1410000E-01  2.1330000E-01  2.1250000E-01  2.1170000E-01  2.1130000E-01  2.1140000E-01  2.1170000E-01  2.1120000E-01  2.1140000E-01  2.1030000E-01
  2.0970000E-01  2.0940000E-01  2.0950000E-01  2.1020000E-01  2.1040000E-01  2.0990000E-01  2.0930000E-01  2.0900000E-01  2.0890000E-01  2.0950000E-01
  2.1000000E-01  2.0970000E-01  2.0880000E-01  2.0760000E-01  2.0680000E-01  2.0610000E-01  2.0520000E-01  2.0390000E-01  2.0290000E-01  2.0180000E-01
  2.0100000E-01  2.0020000E-01  1.9940000E-01  1.9910000E-01  1.9950000E-01  2.0000000E-01  2.0050000E-01  2.0120000E-01  2.0190000E-01  2.0190000E-01
  2.0140000E-01  2.0160000E-01  2.0250000E-01  2.0400000E-01  2.0560000E-01  2.0640000E-01  2.0660000E-01  2.0600000E-01  2.0550000E-01  2.0490000E-01
  2.0400000E-01  2.0320000E-01  2.0290000E-01  2.0280000E-01  2.0230000E-01  2.0150000E-01  2.0100000E-01  2.0030000E-01  1.9920000E-01  1.9850000E-01
  1.9790000E-01  1.9710000E-01  1.9620000E-01  1.9270000E-01  1.9200000E-01  1.9150000E-01  1.9100000E-01  1.9080000E-01  1.9090000E-01  1.9080000E-01
  1.9040000E-01  1.9010000E-01  1.8980000E-01  1.8950000E-01  1.8930000E-01  1.8920000E-01  1.8900000E-01  1.8860000E-01  1.8820000E-01  1.8780000E-01
  1.8750000E-01  1.8710000E-01  1.8740000E-01  1.8780000E-01  1.8810000E-01  1.8810000E-01  1.8790000E-01  1.8760000E-01  1.8750000E-01  1.8730000E-01
  1.8700000E-01  1.8680000E-01  1.8660000E-01  1.8650000E-01  1.8640000E-01  1.8630000E-01  1.8640000E-01  1.8660000E-01  1.8670000E-01  1.8640000E-01
  1.8630000E-01  1.8610000E-01  1.8590000E-01  1.8570000E-01  1.8550000E-01  1.8530000E-01  1.8520000E-01  1.8500000E-01  1.8490000E-01  1.8470000E-01
  1.8450000E-01  1.8440000E-01  1.8420000E-01  1.8420000E-01  1.8410000E-01  1.8400000E-01  1.8390000E-01  1.8380000E-01  1.8420000E-01  1.8390000E-01
  1.8380000E-01  1.8400000E-01  1.8400000E-01  1.8410000E-01  1.8420000E-01  1.8440000E-01  1.8440000E-01  1.8450000E-01  1.8460000E-01  1.8480000E-01
  1.8490000E-01  1.8510000E-01  1.8520000E-01  1.8540000E-01  1.8560000E-01  1.8620000E-01  1.8640000E-01  1.8620000E-01  1.8670000E-01  1.8690000E-01
  1.8720000E-01  1.8730000E-01  1.8780000E-01  1.8820000E-01  1.8810000E-01  1.8830000E-01  1.8860000E-01  1.8890000E-01  1.8910000E-01  1.8940000E-01
  1.8960000E-01  1.8980000E-01  1.9000000E-01  1.9070000E-01  1.9090000E-01  1.9100000E-01  1.9140000E-01  1.9170000E-01  1.9200000E-01  1.9210000E-01
  1.9250000E-01  1.9240000E-01  1.9280000E-01  1.9300000E-01  1.9320000E-01  1.9350000E-01  1.9350000E-01  1.9390000E-01  1.9420000E-01  1.9450000E-01
  1.9460000E-01  1.9510000E-01  1.9540000E-01  1.9560000E-01  1.9590000E-01  1.9610000E-01  1.9640000E-01  1.9680000E-01  1.9700000E-01  1.9710000E-01
  1.9710000E-01  1.9730000E-01  1.9740000E-01  1.9780000E-01  1.9800000E-01  1.9830000E-01  1.9870000E-01  1.9870000E-01  1.9870000E-01  1.9960000E-01
  1.9980000E-01  1.9990000E-01  2.0010000E-01  2.0030000E-01  2.0050000E-01  2.0060000E-01  2.0080000E-01  2.0100000E-01  2.0130000E-01  2.0150000E-01
  2.0160000E-01  2.0200000E-01  2.0190000E-01  2.0190000E-01  2.0250000E-01  2.0260000E-01  2.0270000E-01  2.0340000E-01  2.0350000E-01  2.0360000E-01
  2.0400000E-01  2.0390000E-01  2.0420000E-01  2.0420000E-01  2.0470000E-01  2.0470000E-01  2.0500000E-01  2.0500000E-01  2.0520000E-01  2.0500000E-01
  2.0540000E-01  2.0560000E-01  2.0560000E-01  2.0610000E-01  2.0610000E-01  2.0660000E-01  2.0650000E-01  2.0700000E-01  2.0720000E-01  2.0730000E-01
  2.0740000E-01  2.0740000E-01  2.0760000E-01  2.0780000E-01  2.0810000E-01  2.0800000E-01  2.0820000E-01  2.0820000E-01  2.0860000E-01  2.0900000E-01
  2.0910000E-01  2.0910000E-01  2.0930000E-01  2.0950000E-01  2.0970000E-01  2.1000000E-01  2.1000000E-01  2.1010000E-01  2.1010000E-01  2.1050000E-01
  2.1040000E-01  2.1070000E-01  2.1070000E-01  2.1110000E-01  2.1120000E-01  2.1110000E-01  2.1130000E-01  2.1140000E-01  2.1140000E-01  2.1150000E-01
  2.1180000E-01  2.1220000E-01  2.1200000E-01  2.1210000E-01  2.1250000E-01  2.1260000E-01  2.1280000E-01  2.1300000E-01  2.1300000E-01  2.1320000E-01
  2.1340000E-01  2.1340000E-01  2.1340000E-01  2.1350000E-01  2.1340000E-01  2.1380000E-01  2.1390000E-01  2.1400000E-01  2.1410000E-01  2.1440000E-01
  2.1450000E-01  2.1460000E-01  2.1460000E-01  2.1480000E-01  2.1490000E-01  2.1510000E-01  2.1520000E-01  2.1530000E-01  2.1540000E-01  2.1570000E-01
  2.1560000E-01  2.1560000E-01  2.1570000E-01  2.1570000E-01  2.1590000E-01  2.1600000E-01  2.1610000E-01  2.1630000E-01  2.1640000E-01  2.1660000E-01
  2.1670000E-01  2.1670000E-01  2.1670000E-01  2.1680000E-01  2.1690000E-01  2.1670000E-01  2.1710000E-01  2.1700000E-01  2.1740000E-01  2.1730000E-01
  2.1780000E-01  2.1750000E-01  2.1750000E-01  2.1750000E-01  2.1770000E-01  2.1800000E-01  2.1810000E-01  2.1800000E-01  2.1810000E-01  2.1800000E-01
  2.1790000E-01  2.1820000E-01  2.1860000E-01  2.1840000E-01  2.1880000E-01  2.1880000E-01  2.1860000E-01  2.1880000E-01  2.1890000E-01  2.1890000E-01
  2.1900000E-01  2.1880000E-01  2.1900000E-01  2.1940000E-01  2.1960000E-01  2.1960000E-01  2.1950000E-01  2.1940000E-01  2.1950000E-01  2.1960000E-01
  2.1990000E-01  2.1990000E-01  2.1980000E-01  2.1970000E-01  2.1980000E-01  2.2040000E-01  2.2010000E-01  2.2040000E-01  2.2010000E-01  2.2030000E-01
  2.2030000E-01  2.2040000E-01  2.2040000E-01  2.2050000E-01  2.2100000E-01  2.2070000E-01  2.2070000E-01  2.2050000E-01  2.2060000E-01  2.2080000E-01
  2.2090000E-01  2.2080000E-01  2.2120000E-01  2.2090000E-01  2.2100000E-01  2.2100000E-01  2.2120000E-01  2.2150000E-01  2.2110000E-01  2.2170000E-01
  2.2150000E-01  2.2170000E-01  2.2160000E-01  2.2150000E-01  2.2160000E-01  2.2190000E-01  2.2180000E-01  2.2210000E-01  2.2200000E-01  2.2190000E-01
  2.2170000E-01  2.2200000E-01  2.2200000E-01  2.2180000E-01  2.2230000E-01  2.2220000E-01  2.2240000E-01  2.2240000E-01  2.2250000E-01  2.2210000E-01
  2.2220000E-01  2.2240000E-01  2.2240000E-01  2.2280000E-01  2.2260000E-01  2.2280000E-01  2.2270000E-01  2.2260000E-01  2.2270000E-01  2.2280000E-01
  2.2260000E-01  2.2290000E-01  2.2310000E-01  2.2310000E-01  2.2310000E-01  2.2280000E-01  2.2320000E-01  2.2330000E-01  2.2300000E-01  2.2310000E-01
  2.2310000E-01  2.2330000E-01  2.2330000E-01  2.2310000E-01  2.2320000E-01  2.2340000E-01  2.2330000E-01  2.2330000E-01  2.2340000E-01  2.2330000E-01
  2.2340000E-01  2.2330000E-01  2.2330000E-01  2.2370000E-01  2.2360000E-01  2.2340000E-01  2.2340000E-01  2.2330000E-01  2.2350000E-01  2.2330000E-01
  2.2370000E-01  2.2380000E-01  2.2360000E-01  2.2360000E-01  2.2360000E-01  2.2360000E-01  2.2360000E-01  2.2370000E-01  2.2360000E-01  2.2380000E-01
  2.2370000E-01  2.2390000E-01  2.2380000E-01  2.2360000E-01  2.2350000E-01  2.2380000E-01  2.2390000E-01  2.2380000E-01  2.2380000E-01  2.2390000E-01
  2.2400000E-01  2.2400000E-01  2.2390000E-01  2.2370000E-01  2.2360000E-01  2.2390000E-01  2.2390000E-01  2.2410000E-01  2.2420000E-01  2.2390000E-01
  2.2390000E-01  2.2370000E-01  2.2410000E-01  2.2400000E-01  2.2420000E-01  2.2400000E-01  2.2390000E-01  2.2410000E-01  2.2410000E-01  2.2380000E-01
  2.2410000E-01  2.2410000E-01  2.2440000E-01  2.2430000E-01  2.2410000E-01  2.2390000E-01  2.2380000E-01  2.2440000E-01  2.2430000E-01  2.2410000E-01
  2.2420000E-01  2.2380000E-01  2.2420000E-01  2.2420000E-01  2.2420000E-01  2.2430000E-01  2.2430000E-01  2.2440000E-01  2.2430000E-01  2.2420000E-01
  2.2420000E-01  2.2420000E-01  2.2420000E-01  2.2440000E-01  2.2420000E-01  2.2430000E-01  2.2430000E-01  2.2430000E-01  2.2430000E-01  2.2430000E-01
  2.2430000E-01  2.2430000E-01  2.2420000E-01  2.2420000E-01  2.2420000E-01  2.2420000E-01  2.2440000E-01  2.2460000E-01  2.2420000E-01  2.2420000E-01
  2.2440000E-01  2.2410000E-01  2.2420000E-01  2.2430000E-01  2.2430000E-01  2.2430000E-01  2.2450000E-01  2.2410000E-01  2.2420000E-01  2.2420000E-01
  2.2420000E-01  2.2420000E-01  2.2420000E-01  2.2420000E-01  2.2420000E-01  2.2410000E-01  2.2390000E-01  2.2380000E-01  2.2390000E-01  2.2420000E-01
  2.2410000E-01  2.2430000E-01  2.2420000E-01  2.2410000E-01  2.2380000E-01  2.2380000E-01  2.2370000E-01  2.2390000E-01  2.2390000E-01  2.2390000E-01
  2.2410000E-01  2.2380000E-01  2.2400000E-01  2.2380000E-01  2.2410000E-01  2.2380000E-01  2.2380000E-01  2.2380000E-01  2.2370000E-01  2.2350000E-01
  2.2370000E-01  2.2380000E-01  2.2400000E-01  2.2380000E-01  2.2380000E-01  2.2360000E-01  2.2340000E-01  2.2380000E-01  2.2350000E-01  2.2370000E-01
  2.2370000E-01  2.2370000E-01  2.2370000E-01  2.2400000E-01  2.2370000E-01  2.2370000E-01  2.2370000E-01  2.2350000E-01  2.2330000E-01  2.2330000E-01
  2.2340000E-01  2.2350000E-01  2.2350000E-01  2.2350000E-01  2.2340000E-01  2.2310000E-01  2.2340000E-01  2.2340000E-01  2.2340000E-01  2.2340000E-01
  2.2360000E-01  2.2340000E-01  2.2340000E-01  2.2340000E-01  2.2340000E-01  2.2330000E-01  2.2320000E-01  2.2320000E-01  2.2320000E-01  2.2320000E-01
  2.2320000E-01  2.2320000E-01  2.2310000E-01  2.2300000E-01  2.2300000E-01  2.2290000E-01  2.2290000E-01  2.2270000E-01  2.2270000E-01  2.2270000E-01
  2.2270000E-01  2.2260000E-01  2.2260000E-01  2.2290000E-01  2.2250000E-01  2.2250000E-01  2.2240000E-01  2.2240000E-01  2.2230000E-01  2.2220000E-01
  2.2200000E-01  2.2220000E-01  2.2230000E-01  2.2220000E-01  2.2220000E-01  2.2220000E-01  2.2190000E-01  2.2170000E-01  2.2150000E-01  2.2220000E-01
  2.2200000E-01  2.2190000E-01  2.2190000E-01  2.2190000E-01  2.2180000E-01  2.2180000E-01  2.2180000E-01  2.2180000E-01  2.2170000E-01  2.2160000E-01
  2.2160000E-01  2.2160000E-01  2.2130000E-01  2.2150000E-01  2.2150000E-01  2.2160000E-01  2.2140000E-01  2.2140000E-01  2.2130000E-01  2.2130000E-01
  2.2130000E-01  2.2120000E-01  2.2100000E-01  2.2110000E-01  2.2110000E-01  2.2100000E-01  2.2090000E-01  2.2090000E-01  2.2080000E-01  2.2110000E-01
  2.2070000E-01  2.2030000E-01  2.2060000E-01  2.2060000E-01  2.2060000E-01  2.2060000E-01  2.2050000E-01  2.2040000E-01  2.2040000E-01  2.2020000E-01
  2.2010000E-01  2.2030000E-01  2.2020000E-01  2.2020000E-01  2.2010000E-01  2.1980000E-01  2.2010000E-01  2.2000000E-01  2.2000000E-01  2.1990000E-01
  2.1980000E-01  2.1990000E-01  2.1960000E-01  2.1990000E-01  2.1990000E-01  2.1950000E-01  2.1970000E-01  2.2000000E-01  2.1950000E-01  2.1960000E-01
  2.1960000E-01  2.1990000E-01  2.1940000E-01  2.1940000E-01  2.1920000E-01  2.1930000E-01  2.1940000E-01  2.1940000E-01  2.1940000E-01  2.1940000E-01
  2.1940000E-01  2.1930000E-01  2.1930000E-01  2.1910000E-01  2.1910000E-01  2.1900000E-01  2.1900000E-01  2.1900000E-01  2.1890000E-01  2.1900000E-01
  2.1900000E-01  2.1890000E-01  2.1870000E-01  2.1880000E-01  2.1880000E-01  2.1870000E-01  2.1870000E-01  2.1870000E-01  2.1860000E-01  2.1850000E-01
  2.1850000E-01  2.1840000E-01  2.1820000E-01  2.1810000E-01  2.1810000E-01  2.1800000E-01  2.1800000E-01  2.1800000E-01  2.1790000E-01  2.1800000E-01
  2.1790000E-01  2.1780000E-01  2.1780000E-01  2.1770000E-01  2.1770000E-01  2.1790000E-01  2.1750000E-01  2.1760000E-01  2.1770000E-01  2.1740000E-01
  2.1740000E-01  2.1740000E-01  2.1730000E-01  2.1730000E-01  2.1700000E-01  2.1730000E-01  2.1730000E-01  2.1730000E-01  2.1720000E-01  2.1760000E-01
  2.1710000E-01  2.1700000E-01  2.1700000E-01  2.1690000E-01  2.1690000E-01  2.1690000E-01  2.1680000E-01  2.1700000E-01  2.1660000E-01  2.1670000E-01
  2.1620000E-01  2.1610000E-01  2.1630000E-01  2.1650000E-01  2.1640000E-01  2.1640000E-01  2.1640000E-01  2.1630000E-01  2.1630000E-01  2.1630000E-01
  2.1620000E-01  2.1570000E-01  2.1600000E-01  2.1570000E-01  2.1610000E-01  2.1610000E-01  2.1610000E-01  2.1600000E-01  2.1610000E-01  2.1590000E-01
  2.1590000E-01  2.1550000E-01  2.1570000E-01  2.1570000E-01  2.1600000E-01  2.1560000E-01  2.1550000E-01  2.1560000E-01  2.1510000E-01  2.1570000E-01
  2.1580000E-01  2.1520000E-01  2.1520000E-01
 -7.2360000E+03 -7.5850000E+03 -7.9720000E+03 -8.8100000E+03 -1.0150000E+04 -1.2540000E+04 -1.7210000E+04 -2.8860000E+04 -1.1790000E+05  5.0550000E+04
  2.0240000E+04  1.2510000E+04  9.0000000E+03  7.0180000E+03  5.7500000E+03  4.8660000E+03  4.2150000E+03  3.7230000E+03  3.3410000E+03  2.5790000E+03
  2.4130000E+03  2.2680000E+03  2.1670000E+03  2.0850000E+03  2.0170000E+03  1.9600000E+03  1.9050000E+03  1.8400000E+03  1.7750000E+03  1.7080000E+03
  1.6630000E+03  1.6090000E+03  1.5640000E+03  1.5440000E+03  1.5210000E+03  1.4790000E+03  1.4490000E+03  1.3570000E+03  1.3200000E+03  1.2830000E+03
  1.2420000E+03  1.2130000E+03  1.1860000E+03  1.1510000E+03  1.1160000E+03  1.0860000E+03  1.0680000E+03  1.0550000E+03  1.0390000E+03  1.0190000E+03
  1.0140000E+03  1.0120000E+03  9.9820000E+02  9.8180000E+02  9.6650000E+02  8.8970000E+02  8.6800000E+02  8.4220000E+02  8.0840000E+02  7.7850000E+02
  7.6720000E+02  7.6680000E+02  7.6070000E+02  7.5390000E+02  7.4620000E+02  7.3880000E+02  7.3180000E+02  7.1840000E+02  6.9990000E+02  6.7330000E+02
  6.5190000E+02  6.3570000E+02  6.1920000E+02  5.6860000E+02  5.4930000E+02  5.3240000E+02  5.1680000E+02  5.0280000E+02  4.9090000E+02  4.7730000E+02
  4.6720000E+02  4.6150000E+02  4.5910000E+02  4.5410000E+02  4.4630000E+02  4.3700000E+02  4.2700000E+02  4.2000000E+02  4.1650000E+02  4.1360000E+02
  4.0740000E+02  3.8850000E+02  3.8360000E+02  3.8000000E+02  3.7660000E+02  3.7170000E+02  3.6440000E+02  3.5510000E+02  3.4750000E+02  3.4150000E+02
  3.3630000E+02  3.3060000E+02  3.2510000E+02  3.2020000E+02  3.1640000E+02  3.1250000E+02  3.0750000E+02  3.0030000E+02  2.9220000E+02  2.7780000E+02
  2.7550000E+02  2.7320000E+02  2.7100000E+02  2.6810000E+02  2.6410000E+02  2.5980000E+02  2.5550000E+02  2.5180000E+02  2.4730000E+02  2.4340000E+02
  2.4010000E+02  2.3810000E+02  2.3610000E+02  2.3120000E+02  2.2550000E+02  2.2180000E+02  2.1860000E+02  2.0850000E+02  2.0680000E+02  2.0570000E+02
  2.0370000E+02  2.0230000E+02  2.0080000E+02  1.9960000E+02  1.9910000E+02  1.9870000E+02  1.9810000E+02  1.9750000E+02  1.9610000E+02  1.9540000E+02
  1.9470000E+02  1.9360000E+02  1.9160000E+02  1.8900000E+02  1.8740000E+02  1.8790000E+02  1.8810000E+02  1.8810000E+02  1.8810000E+02  1.8680000E+02
  1.8570000E+02  1.8470000E+02  1.8320000E+02  1.8110000E+02  1.7840000E+02  1.7610000E+02  1.7440000E+02  1.7330000E+02  1.7210000E+02  1.7110000E+02
  1.7010000E+02  1.6990000E+02  1.6940000E+02  1.6660000E+02  1.6490000E+02  1.6290000E+02  1.6130000E+02  1.6000000E+02  1.5880000E+02  1.5710000E+02
  1.5590000E+02  1.5540000E+02  1.5390000E+02  1.5210000E+02  1.5110000E+02  1.5040000E+02  1.4990000E+02  1.4930000E+02  1.4930000E+02  1.4930000E+02
  1.4830000E+02  1.4440000E+02  1.4400000E+02  1.4360000E+02  1.4250000E+02  1.4150000E+02  1.4070000E+02  1.3990000E+02  1.3920000E+02  1.3810000E+02
  1.3690000E+02  1.3580000E+02  1.3480000E+02  1.3380000E+02  1.3320000E+02  1.3330000E+02  1.3330000E+02  1.3260000E+02  1.3250000E+02  1.3030000E+02
  1.2950000E+02  1.2850000E+02  1.2800000E+02  1.2810000E+02  1.2770000E+02  1.2680000E+02  1.2590000E+02  1.2550000E+02  1.2540000E+02  1.2560000E+02
  1.2570000E+02  1.2520000E+02  1.2410000E+02  1.2300000E+02  1.2230000E+02  1.2170000E+02  1.2080000E+02  1.1930000E+02  1.1810000E+02  1.1690000E+02
  1.1590000E+02  1.1520000E+02  1.1440000E+02  1.1380000E+02  1.1360000E+02  1.1350000E+02  1.1370000E+02  1.1420000E+02  1.1440000E+02  1.1380000E+02
  1.1270000E+02  1.1270000E+02  1.1350000E+02  1.1480000E+02  1.1600000E+02  1.1570000E+02  1.1560000E+02  1.1500000E+02  1.1440000E+02  1.1390000E+02
  1.1330000E+02  1.1270000E+02  1.1230000E+02  1.1190000E+02  1.1130000E+02  1.1060000E+02  1.1020000E+02  1.0960000E+02  1.0860000E+02  1.0800000E+02
  1.0740000E+02  1.0650000E+02  1.0560000E+02  1.0240000E+02  1.0180000E+02  1.0120000E+02  1.0070000E+02  1.0040000E+02  1.0030000E+02  9.9950000E+01
  9.9280000E+01  9.8720000E+01  9.8310000E+01  9.7950000E+01  9.7620000E+01  9.7460000E+01  9.7120000E+01  9.6490000E+01  9.5930000E+01  9.5400000E+01
  9.4910000E+01  9.4190000E+01  9.4330000E+01  9.4560000E+01  9.4600000E+01  9.4390000E+01  9.3990000E+01  9.3600000E+01  9.3370000E+01  9.3050000E+01
  9.2700000E+01  9.2480000E+01  9.2260000E+01  9.2020000E+01  9.1800000E+01  9.1610000E+01  9.1560000E+01  9.1650000E+01  9.1660000E+01  9.1140000E+01
  9.0960000E+01  9.0710000E+01  9.0470000E+01  9.0250000E+01  9.0040000E+01  8.9840000E+01  8.9650000E+01  8.9460000E+01  8.9280000E+01  8.9050000E+01
  8.8850000E+01  8.8680000E+01  8.8490000E+01  8.8320000E+01  8.8210000E+01  8.8070000E+01  8.7940000E+01  8.7660000E+01  8.7690000E+01  8.7590000E+01
  8.7520000E+01  8.7480000E+01  8.7460000E+01  8.7440000E+01  8.7430000E+01  8.7430000E+01  8.7420000E+01  8.7440000E+01  8.7450000E+01  8.7470000E+01
  8.7500000E+01  8.7530000E+01  8.7560000E+01  8.7610000E+01  8.7650000E+01  8.7810000E+01  8.7880000E+01  8.7870000E+01  8.7990000E+01  8.8050000E+01
  8.8140000E+01  8.8180000E+01  8.8300000E+01  8.8420000E+01  8.8440000E+01  8.8520000E+01  8.8610000E+01  8.8690000E+01  8.8780000E+01  8.8870000E+01
  8.8950000E+01  8.9030000E+01  8.9100000E+01  8.9310000E+01  8.9390000E+01  8.9440000E+01  8.9560000E+01  8.9630000E+01  8.9730000E+01  8.9780000E+01
  8.9880000E+01  8.9910000E+01  9.0020000E+01  9.0100000E+01  9.0180000E+01  9.0270000E+01  9.0320000E+01  9.0450000E+01  9.0530000E+01  9.0640000E+01
  9.0700000E+01  9.0910000E+01  9.1000000E+01  9.1070000E+01  9.1180000E+01  9.1250000E+01  9.1330000E+01  9.1450000E+01  9.1520000E+01  9.1570000E+01
  9.1600000E+01  9.1670000E+01  9.1710000E+01  9.1820000E+01  9.1880000E+01  9.1960000E+01  9.2070000E+01  9.2090000E+01  9.2120000E+01  9.2360000E+01
  9.2440000E+01  9.2470000E+01  9.2530000E+01  9.2580000E+01  9.2640000E+01  9.2680000E+01  9.2740000E+01  9.2800000E+01  9.2860000E+01  9.2910000E+01
  9.2940000E+01  9.3030000E+01  9.3020000E+01  9.3050000E+01  9.3170000E+01  9.3200000E+01  9.3230000E+01  9.3410000E+01  9.3450000E+01  9.3500000E+01
  9.3600000E+01  9.3580000E+01  9.3640000E+01  9.3670000E+01  9.3760000E+01  9.3780000E+01  9.3840000E+01  9.3850000E+01  9.3900000E+01  9.3870000E+01
  9.3960000E+01  9.4020000E+01  9.4020000E+01  9.4120000E+01  9.4130000E+01  9.4230000E+01  9.4230000E+01  9.4320000E+01  9.4370000E+01  9.4390000E+01
  9.4400000E+01  9.4400000E+01  9.4430000E+01  9.4470000E+01  9.4520000E+01  9.4480000E+01  9.4510000E+01  9.4510000E+01  9.4580000E+01  9.4640000E+01
  9.4650000E+01  9.4650000E+01  9.4670000E+01  9.4680000E+01  9.4710000E+01  9.4750000E+01  9.4740000E+01  9.4740000E+01  9.4730000E+01  9.4770000E+01
  9.4750000E+01  9.4780000E+01  9.4770000E+01  9.4820000E+01  9.4830000E+01  9.4800000E+01  9.4820000E+01  9.4800000E+01  9.4780000E+01  9.4780000E+01
  9.4830000E+01  9.4830000E+01  9.4770000E+01  9.4780000E+01  9.4830000E+01  9.4840000E+01  9.4850000E+01  9.4870000E+01  9.4840000E+01  9.4840000E+01
  9.4860000E+01  9.4850000E+01  9.4830000E+01  9.4830000E+01  9.4790000E+01  9.4840000E+01  9.4840000E+01  9.4850000E+01  9.4850000E+01  9.4880000E+01
  9.4890000E+01  9.4890000E+01  9.4880000E+01  9.4920000E+01  9.4940000E+01  9.4960000E+01  9.4980000E+01  9.4990000E+01  9.4990000E+01  9.5030000E+01
  9.4990000E+01  9.4980000E+01  9.4980000E+01  9.4960000E+01  9.4990000E+01  9.4990000E+01  9.4990000E+01  9.5020000E+01  9.5030000E+01  9.5050000E+01
  9.5060000E+01  9.5050000E+01  9.5050000E+01  9.5050000E+01  9.5060000E+01  9.5010000E+01  9.5080000E+01  9.5060000E+01  9.5120000E+01  9.5100000E+01
  9.5160000E+01  9.5090000E+01  9.5080000E+01  9.5080000E+01  9.5080000E+01  9.5090000E+01  9.5080000E+01  9.5050000E+01  9.5040000E+01  9.5010000E+01
  9.4980000E+01  9.5020000E+01  9.5060000E+01  9.5000000E+01  9.5050000E+01  9.5010000E+01  9.4960000E+01  9.4970000E+01  9.4950000E+01  9.4930000E+01
  9.4920000E+01  9.4860000E+01  9.4870000E+01  9.4860000E+01  9.4890000E+01  9.4860000E+01  9.4820000E+01  9.4790000E+01  9.4800000E+01  9.4790000E+01
  9.4810000E+01  9.4790000E+01  9.4740000E+01  9.4710000E+01  9.4700000E+01  9.4780000E+01  9.4690000E+01  9.4710000E+01  9.4620000E+01  9.4630000E+01
  9.4610000E+01  9.4560000E+01  9.4520000E+01  9.4500000E+01  9.4550000E+01  9.4470000E+01  9.4450000E+01  9.4380000E+01  9.4370000E+01  9.4370000E+01
  9.4360000E+01  9.4320000E+01  9.4360000E+01  9.4270000E+01  9.4240000E+01  9.4220000E+01  9.4230000E+01  9.4230000E+01  9.4130000E+01  9.4120000E+01
  9.4040000E+01  9.4030000E+01  9.3980000E+01  9.3930000E+01  9.3930000E+01  9.3930000E+01  9.3870000E+01  9.3870000E+01  9.3810000E+01  9.3740000E+01
  9.3660000E+01  9.3670000E+01  9.3630000E+01  9.3540000E+01  9.3580000E+01  9.3500000E+01  9.3490000E+01  9.3350000E+01  9.3320000E+01  9.3220000E+01
  9.3200000E+01  9.3190000E+01  9.3160000E+01  9.3190000E+01  9.3130000E+01  9.3120000E+01  9.3070000E+01  9.3020000E+01  9.3000000E+01  9.2970000E+01
  9.2910000E+01  9.2930000E+01  9.2920000E+01  9.2890000E+01  9.2840000E+01  9.2700000E+01  9.2720000E+01  9.2710000E+01  9.2630000E+01  9.2610000E+01
  9.2560000E+01  9.2560000E+01  9.2540000E+01  9.2490000E+01  9.2460000E+01  9.2460000E+01  9.2420000E+01  9.2390000E+01  9.2370000E+01  9.2340000E+01
  9.2320000E+01  9.2280000E+01  9.2260000E+01  9.2230000E+01  9.2180000E+01  9.2120000E+01  9.2090000E+01  9.2030000E+01  9.2050000E+01  9.2000000E+01
  9.2040000E+01  9.2030000E+01  9.1970000E+01  9.1930000E+01  9.1910000E+01  9.1880000E+01  9.1850000E+01  9.1840000E+01  9.1800000E+01  9.1810000E+01
  9.1770000E+01  9.1710000E+01  9.1670000E+01  9.1590000E+01  9.1540000E+01  9.1550000E+01  9.1530000E+01  9.1460000E+01  9.1430000E+01  9.1410000E+01
  9.1390000E+01  9.1340000E+01  9.1280000E+01  9.1210000E+01  9.1150000E+01  9.1160000E+01  9.1130000E+01  9.1120000E+01  9.1080000E+01  9.0890000E+01
  9.0850000E+01  9.0760000E+01  9.0780000E+01  9.0720000E+01  9.0710000E+01  9.0610000E+01  9.0550000E+01  9.0540000E+01  9.0490000E+01  9.0390000E+01
  9.0400000E+01  9.0340000E+01  9.0330000E+01  9.0250000E+01  9.0170000E+01  9.0080000E+01  9.0010000E+01  8.9950000E+01  8.9890000E+01  8.9810000E+01
  8.9790000E+01  8.9680000E+01  8.9700000E+01  8.9670000E+01  8.9640000E+01  8.9610000E+01  8.9570000E+01  8.9560000E+01  8.9490000E+01  8.9440000E+01
  8.9400000E+01  8.9360000E+01  8.9330000E+01  8.9310000E+01  8.9240000E+01  8.9150000E+01  8.9120000E+01  8.9090000E+01  8.9060000E+01  8.9040000E+01
  8.9010000E+01  8.8970000E+01  8.8940000E+01  8.8890000E+01  8.8870000E+01  8.8820000E+01  8.8830000E+01  8.8830000E+01  8.8740000E+01  8.8710000E+01
  8.8700000E+01  8.8620000E+01  8.8630000E+01  8.8570000E+01  8.8540000E+01  8.8510000E+01  8.8500000E+01  8.8400000E+01  8.8370000E+01  8.8320000E+01
  8.8270000E+01  8.8230000E+01  8.8180000E+01  8.8130000E+01  8.8100000E+01  8.8020000E+01  8.7940000E+01  8.7880000E+01  8.7860000E+01  8.7860000E+01
  8.7800000E+01  8.7680000E+01  8.7630000E+01  8.7550000E+01  8.7470000E+01  8.7430000E+01  8.7380000E+01  8.7360000E+01  8.7320000E+01  8.7270000E+01
  8.7240000E+01  8.7150000E+01  8.7140000E+01  8.7050000E+01  8.7040000E+01  8.6960000E+01  8.6910000E+01  8.6870000E+01  8.6810000E+01  8.6650000E+01
  8.6640000E+01  8.6600000E+01  8.6590000E+01  8.6500000E+01  8.6450000E+01  8.6380000E+01  8.6300000E+01  8.6330000E+01  8.6240000E+01  8.6220000E+01
  8.6170000E+01  8.6130000E+01  8.6080000E+01  8.6080000E+01  8.5980000E+01  8.5940000E+01  8.5880000E+01  8.5700000E+01  8.5610000E+01  8.5570000E+01
  8.5520000E+01  8.5500000E+01  8.5440000E+01  8.5380000E+01  8.5310000E+01  8.5220000E+01  8.5220000E+01  8.5180000E+01  8.5130000E+01  8.5100000E+01
  8.5090000E+01  8.5030000E+01  8.5000000E+01  8.4970000E+01  8.4940000E+01  8.4780000E+01  8.4730000E+01  8.4680000E+01  8.4640000E+01  8.4590000E+01
  8.4540000E+01  8.4490000E+01  8.4430000E+01  8.4360000E+01  8.4310000E+01  8.4230000E+01  8.4160000E+01  8.4090000E+01  8.4030000E+01  8.3970000E+01
  8.3910000E+01  8.3850000E+01  8.3800000E+01  8.3730000E+01  8.3610000E+01  8.3560000E+01  8.3500000E+01  8.3440000E+01  8.3380000E+01  8.3320000E+01
  8.3220000E+01  8.3210000E+01  8.3160000E+01  8.3100000E+01  8.3040000E+01  8.3000000E+01  8.2910000E+01  8.2820000E+01  8.2760000E+01  8.2820000E+01
  8.2750000E+01  8.2630000E+01  8.2600000E+01  8.2560000E+01  8.2510000E+01  8.2470000E+01  8.2420000E+01  8.2370000E+01  8.2310000E+01  8.2250000E+01
  8.2190000E+01  8.2140000E+01  8.2050000E+01  8.2040000E+01  8.1980000E+01  8.1960000E+01  8.1900000E+01  8.1850000E+01  8.1790000E+01  8.1660000E+01
  8.1630000E+01  8.1560000E+01  8.1500000E+01  8.1470000E+01  8.1410000E+01  8.1340000E+01  8.1280000E+01  8.1220000E+01  8.1160000E+01  8.1150000E+01
  8.1040000E+01  8.0920000E+01  8.0940000E+01  8.0890000E+01  8.0850000E+01  8.0810000E+01  8.0760000E+01  8.0630000E+01  8.0590000E+01  8.0520000E+01
  8.0470000E+01  8.0460000E+01  8.0400000E+01  8.0360000E+01  8.0290000E+01  8.0200000E+01  8.0220000E+01  8.0150000E+01  8.0120000E+01  8.0060000E+01
  8.0020000E+01  8.0000000E+01  7.9910000E+01  7.9920000E+01  7.9870000E+01  7.9700000E+01  7.9690000E+01  7.9690000E+01  7.9580000E+01  7.9550000E+01
  7.9510000E+01  7.9510000E+01  7.9400000E+01  7.9360000E+01  7.9290000E+01  7.9270000E+01  7.9260000E+01  7.9230000E+01  7.9210000E+01  7.9170000E+01
  7.9140000E+01  7.9090000E+01  7.9050000E+01  7.8890000E+01  7.8830000E+01  7.8780000E+01  7.8730000E+01  7.8680000E+01  7.8640000E+01  7.8600000E+01
  7.8570000E+01  7.8530000E+01  7.8460000E+01  7.8450000E+01  7.8410000E+01  7.8360000E+01  7.8310000E+01  7.8260000E+01  7.8200000E+01  7.8130000E+01
  7.8080000E+01  7.7910000E+01  7.7830000E+01  7.7770000E+01  7.7720000E+01  7.7670000E+01  7.7620000E+01  7.7570000E+01  7.7510000E+01  7.7470000E+01
  7.7410000E+01  7.7370000E+01  7.7320000E+01  7.7270000E+01  7.7220000E+01  7.7220000E+01  7.7100000E+01  7.7070000E+01  7.7050000E+01  7.6880000E+01
  7.6830000E+01  7.6790000E+01  7.6750000E+01  7.6710000E+01  7.6620000E+01  7.6640000E+01  7.6590000E+01  7.6550000E+01  7.6500000E+01  7.6510000E+01
  7.6390000E+01  7.6330000E+01  7.6280000E+01  7.6220000E+01  7.6160000E+01  7.6110000E+01  7.6050000E+01  7.5920000E+01  7.5810000E+01  7.5770000E+01
  7.5660000E+01  7.5620000E+01  7.5600000E+01  7.5590000E+01  7.5540000E+01  7.5500000E+01  7.5450000E+01  7.5400000E+01  7.5350000E+01  7.5320000E+01
  7.5260000E+01  7.5170000E+01  7.5180000E+01  7.5110000E+01  7.5140000E+01  7.5050000E+01  7.5020000E+01  7.4970000E+01  7.4940000E+01  7.4880000E+01
  7.4840000E+01  7.4750000E+01  7.4750000E+01  7.4700000E+01  7.4700000E+01  7.4610000E+01  7.4560000E+01  7.4530000E+01  7.4410000E+01  7.4460000E+01
  7.4430000E+01  7.4310000E+01  7.4270000E+01
  5.3591000E-01  5.5905000E-01  6.5550000E-01  7.2728000E-01  7.7392000E-01  7.9241000E-01  9.5844000E-01  1.1927000E+00  8.5186000E-01  6.9306000E-01
  5.4855000E-01  7.0730000E-01  7.0746000E-01  6.5971000E-01  6.6678000E-01  1.1907000E+00  8.8383000E-01  8.3862000E-01  9.6311000E-01  9.1426000E-01
  9.1983000E-01  1.1354000E+00  1.1117000E+00  1.2986000E+00  1.2668000E+00  1.6354000E+00  9.9473000E-01  1.2497000E+00  1.2977000E+00  1.5322000E+00
  1.2447000E+00  1.1602000E+00  1.0468000E+00  1.2424000E+00  1.2227000E+00  1.2376000E+00  1.2728000E+00  1.0947000E+00  1.1207000E+00  1.4276000E+00
  1.0416000E+00  1.2688000E+00  1.2544000E+00  1.0300000E+00  1.4652000E+00  1.1197000E+00  1.2912000E+00  1.1091000E+00  1.0005000E+00  1.3000000E+00
  1.2782000E+00  1.3715000E+00  1.6210000E+00  1.1072000E+00  1.0503000E+00  1.4142000E+00  1.3024000E+00  1.0233000E+00  1.0351000E+00  1.1583000E+00
  1.1400000E+00  1.2758000E+00  1.3271000E+00  1.0682000E+00  1.1080000E+00  1.0008000E+00  1.2252000E+00  1.0225000E+00  1.0264000E+00  9.6489000E-01
  9.1993000E-01  8.6280000E-01  9.6096000E-01  1.0146000E+00  1.0285000E+00  8.9380000E-01  8.7170000E-01  9.3162000E-01  1.2818000E+00  9.5039000E-01
  8.8739000E-01  9.2992000E-01  8.8197000E-01  8.5370000E-01  1.0564000E+00  8.6508000E-01  9.4064000E-01  1.2359000E+00  1.0052000E+00  1.0893000E+00
  1.0203000E+00  1.1751000E+00  1.0752000E+00  1.0744000E+00  9.5452000E-01  1.1603000E+00  8.9197000E-01  8.4661000E-01  9.7083000E-01  8.1417000E-01
  8.6080000E-01  9.5364000E-01  1.0379000E+00  7.5837000E-01  7.2565000E-01  8.8198000E-01  9.6954000E-01  1.0289000E+00  7.2031000E-01  7.8375000E-01
  7.7426000E-01  8.0000000E-01  7.2983000E-01  8.3703000E-01  7.8157000E-01  6.8869000E-01  7.6173000E-01  8.1186000E-01  8.5987000E-01  7.9489000E-01
  7.9118000E-01  7.7634000E-01  7.8594000E-01  6.6897000E-01  8.7107000E-01  8.6630000E-01  7.8902000E-01  6.3670000E-01  7.4222000E-01  6.6957000E-01
  6.3526000E-01  5.4190000E-01  6.5662000E-01  4.9710000E-01  6.9785000E-01  6.3025000E-01  7.4275000E-01  6.1575000E-01  7.1789000E-01  6.4264000E-01
  6.6046000E-01  6.7362000E-01  6.2962000E-01  7.0117000E-01  7.6309000E-01  6.7647000E-01  7.8675000E-01  7.7830000E-01  8.2081000E-01  6.3202000E-01
  5.7512000E-01  6.1546000E-01  6.4002000E-01  5.8345000E-01  7.0084000E-01  6.3834000E-01  6.8949000E-01  7.7664000E-01  8.4718000E-01  8.5861000E-01
  7.5205000E-01  6.7573000E-01  6.5165000E-01  6.5843000E-01  5.0632000E-01  5.7492000E-01  5.8354000E-01  5.6817000E-01  6.7082000E-01  5.8594000E-01
  6.6769000E-01  6.2333000E-01  5.5143000E-01  7.7840000E-01  8.6759000E-01  8.8372000E-01  7.8800000E-01  6.7189000E-01  6.9079000E-01  6.5998000E-01
  6.8951000E-01  5.9185000E-01  6.2784000E-01  5.4860000E-01  5.8149000E-01  6.0448000E-01  4.8868000E-01  4.7318000E-01  5.8323000E-01  5.1165000E-01
  5.3789000E-01  6.6509000E-01  4.9168000E-01  5.6642000E-01  4.9738000E-01  5.5622000E-01  5.2759000E-01  5.6683000E-01  5.5038000E-01  5.0132000E-01
  4.3271000E-01  5.3162000E-01  4.1530000E-01  5.7573000E-01  4.5929000E-01  5.5521000E-01  5.0246000E-01  5.7833000E-01  5.2944000E-01  5.4789000E-01
  6.7491000E-01  5.8476000E-01  5.8184000E-01  4.9578000E-01  6.6208000E-01  7.1941000E-01  5.2550000E-01  5.1752000E-01  4.5824000E-01  4.1567000E-01
  4.9813000E-01  4.1813000E-01  6.2147000E-01  5.4844000E-01  5.8398000E-01  5.2579000E-01  4.7287000E-01  5.5097000E-01  6.5097000E-01  7.3462000E-01
  7.1124000E-01  6.4303000E-01  4.8099000E-01  4.8912000E-01  5.8549000E-01  6.7738000E-01  6.8893000E-01  7.5764000E-01  5.3537000E-01  5.5342000E-01
  4.4808000E-01  4.5056000E-01  5.0561000E-01  4.4095000E-01  5.1664000E-01  4.3781000E-01  4.6401000E-01  5.0752000E-01  4.0903000E-01  4.1448000E-01
  4.0870000E-01  4.3764000E-01  3.7231000E-01  4.2814000E-01  3.7848000E-01  4.1924000E-01  3.7650000E-01  4.0551000E-01  4.2948000E-01  3.8540000E-01
  3.9025000E-01  3.5976000E-01  3.9112000E-01  4.3053000E-01  4.0725000E-01  3.9384000E-01  4.4997000E-01  4.0718000E-01  3.9803000E-01  4.2178000E-01
  3.8315000E-01  3.6584000E-01  3.9244000E-01  3.9180000E-01  3.9959000E-01  3.8104000E-01  4.4146000E-01  4.2735000E-01  4.4025000E-01  4.3394000E-01
  4.7870000E-01  3.4035000E-01  4.4254000E-01  3.8498000E-01  3.5793000E-01  3.9308000E-01  3.8567000E-01  3.9828000E-01  4.4991000E-01  4.0721000E-01
  3.8239000E-01  3.8847000E-01  4.1131000E-01  3.6198000E-01  4.4620000E-01  3.6058000E-01  3.6429000E-01  4.1335000E-01  3.5803000E-01  3.8309000E-01
  4.1660000E-01  3.8858000E-01  3.6642000E-01  3.8080000E-01  4.3695000E-01  3.9837000E-01  4.2947000E-01  4.0778000E-01  4.2720000E-01  4.1664000E-01
  3.9202000E-01  4.1846000E-01  4.3726000E-01  3.6410000E-01  3.6094000E-01  4.0851000E-01  4.4448000E-01  3.9311000E-01  4.1076000E-01  4.0121000E-01
  4.2612000E-01  5.4237000E-01  4.1585000E-01  3.9298000E-01  3.8494000E-01  4.2864000E-01  4.6364000E-01  4.1385000E-01  3.9877000E-01  4.3878000E-01
  4.2068000E-01  3.9515000E-01  4.1390000E-01  3.6300000E-01  4.6584000E-01  4.2815000E-01  3.9575000E-01  3.6962000E-01  3.8598000E-01  4.0672000E-01
  4.3553000E-01  4.5015000E-01  4.5556000E-01  4.0213000E-01  4.1410000E-01  5.0447000E-01  4.2687000E-01  4.0140000E-01  4.4136000E-01  4.7789000E-01
  3.9930000E-01  4.0633000E-01  4.4102000E-01  4.1206000E-01  4.0110000E-01  4.6313000E-01  4.0927000E-01  3.7752000E-01  4.2501000E-01  4.5424000E-01
  4.4624000E-01  4.5298000E-01  4.4104000E-01  4.1209000E-01  4.0999000E-01  4.3519000E-01  4.0923000E-01  4.1053000E-01  4.2167000E-01  3.9399000E-01
  4.0503000E-01  4.7810000E-01  3.9797000E-01  4.0798000E-01  4.9305000E-01  4.2194000E-01  3.9888000E-01  4.6210000E-01  4.6319000E-01  4.0099000E-01
  4.2628000E-01  4.0475000E-01  3.8096000E-01  4.6944000E-01  3.5545000E-01  4.2640000E-01  4.5601000E-01  3.8162000E-01  3.9091000E-01  4.1111000E-01
  3.9469000E-01  3.9768000E-01  3.8086000E-01  4.1063000E-01  5.5503000E-01  4.6972000E-01  4.2807000E-01  3.9781000E-01  4.8956000E-01  4.1913000E-01
  4.4639000E-01  3.5748000E-01  3.8998000E-01  4.5556000E-01  4.5627000E-01  3.7237000E-01  4.1425000E-01  4.9504000E-01  4.1858000E-01  4.1592000E-01
  4.4882000E-01  4.7361000E-01  3.7958000E-01  4.3185000E-01  4.1767000E-01  3.9905000E-01  4.1306000E-01  4.5386000E-01  4.7358000E-01  4.7876000E-01
  4.1819000E-01  4.2623000E-01  4.0177000E-01  4.4816000E-01  5.2348000E-01  4.5300000E-01  4.3738000E-01  4.1696000E-01  5.0745000E-01  4.9166000E-01
  4.1138000E-01  4.6418000E-01  4.4509000E-01  4.9965000E-01  4.6349000E-01  4.1455000E-01  4.2620000E-01  4.6095000E-01  4.3260000E-01  4.1732000E-01
  5.4275000E-01  4.1821000E-01  4.5702000E-01  4.5307000E-01  4.1387000E-01  4.6150000E-01  4.5659000E-01  4.9245000E-01  4.1041000E-01  3.9190000E-01
  4.8540000E-01  3.7661000E-01  4.3371000E-01  4.6279000E-01  4.1406000E-01  4.0935000E-01  4.3164000E-01  4.3937000E-01  4.0102000E-01  4.1974000E-01
  4.4477000E-01  3.9585000E-01  4.1736000E-01  4.8687000E-01  3.9790000E-01  4.2997000E-01  5.0016000E-01  4.1593000E-01  5.0801000E-01  4.4685000E-01
  4.3956000E-01  4.9383000E-01  4.3246000E-01  4.0690000E-01  4.1382000E-01  4.2015000E-01  4.5750000E-01  4.7440000E-01  4.5043000E-01  4.1781000E-01
  4.1127000E-01  4.2032000E-01  4.2205000E-01  4.0587000E-01  4.3573000E-01  4.5834000E-01  4.1797000E-01  4.2667000E-01  4.0103000E-01  4.1429000E-01
  4.2960000E-01  3.9135000E-01  4.1967000E-01  3.7627000E-01  4.0054000E-01  4.0636000E-01  3.4708000E-01  4.1959000E-01  4.4082000E-01  4.2444000E-01
  4.3745000E-01  4.6687000E-01  4.7839000E-01  3.9117000E-01  4.1085000E-01  4.6384000E-01  4.3177000E-01  3.8386000E-01  5.1107000E-01  4.5806000E-01
  4.6153000E-01  3.7370000E-01  4.0555000E-01  4.2409000E-01  4.6432000E-01  4.8253000E-01  4.3034000E-01  5.0095000E-01  3.8785000E-01  3.8355000E-01
  4.7847000E-01  4.3760000E-01  3.8049000E-01  4.0165000E-01  4.1909000E-01  4.1524000E-01  4.4123000E-01  4.3703000E-01  4.4344000E-01  4.5858000E-01
  4.9637000E-01  4.2538000E-01  4.3616000E-01  3.8092000E-01  4.7837000E-01  4.6601000E-01  4.6814000E-01  4.8837000E-01  4.4145000E-01  4.3355000E-01
  4.1932000E-01  4.2024000E-01  3.9949000E-01  4.0899000E-01  4.2636000E-01  5.0215000E-01  4.8088000E-01  4.4070000E-01  4.1204000E-01  3.7515000E-01
  3.8942000E-01  3.9484000E-01  4.1306000E-01  4.0597000E-01  3.8371000E-01  3.8297000E-01  4.0763000E-01  4.6278000E-01  4.1635000E-01  4.9182000E-01
  4.1100000E-01  4.7226000E-01  3.8311000E-01  4.1843000E-01  4.1975000E-01  4.3702000E-01  4.2483000E-01  4.1752000E-01  4.3582000E-01  4.4178000E-01
  4.0888000E-01  4.0672000E-01  4.0059000E-01  4.1090000E-01  4.2175000E-01  3.9686000E-01  4.3344000E-01  4.1086000E-01  4.8490000E-01  3.9944000E-01
  4.1442000E-01  4.1811000E-01  4.2685000E-01  3.9161000E-01  3.9814000E-01  3.6508000E-01  3.6443000E-01  4.0974000E-01  4.4759000E-01  4.6457000E-01
  4.1381000E-01  4.5655000E-01  4.6025000E-01  3.6934000E-01  3.6629000E-01  4.2133000E-01  3.8196000E-01  4.5695000E-01  3.8890000E-01  4.0010000E-01
  4.2700000E-01  4.3760000E-01  4.1717000E-01  3.8923000E-01  4.2822000E-01  4.4758000E-01  3.8262000E-01  4.8154000E-01  4.4424000E-01  4.1094000E-01
  3.8899000E-01  4.2903000E-01  4.1002000E-01  4.2588000E-01  3.7787000E-01  4.2752000E-01  4.6028000E-01  4.1145000E-01  4.6932000E-01  4.2212000E-01
  3.7570000E-01  3.7240000E-01  4.2006000E-01  3.9616000E-01  4.5234000E-01  4.6251000E-01  4.6211000E-01  4.1826000E-01  4.7843000E-01  4.2885000E-01
  5.0249000E-01  4.6820000E-01  3.8825000E-01  4.2339000E-01  3.8784000E-01  3.9427000E-01  4.1141000E-01  4.1053000E-01  4.1822000E-01  4.0473000E-01
  4.3426000E-01  4.2618000E-01  4.1483000E-01  3.9690000E-01  3.9351000E-01  4.3665000E-01  4.2356000E-01  4.3673000E-01  3.9611000E-01  4.5017000E-01
  4.0851000E-01  4.0913000E-01  4.3140000E-01  3.9015000E-01  4.0648000E-01  4.1302000E-01  3.7607000E-01  4.0179000E-01  4.5155000E-01  4.5995000E-01
  3.8166000E-01  4.0373000E-01  4.7070000E-01  4.3649000E-01  3.7053000E-01  4.5159000E-01  4.6600000E-01  4.3927000E-01  3.9357000E-01  3.7929000E-01
  4.4504000E-01  4.0504000E-01  4.5545000E-01  3.6825000E-01  3.8202000E-01  3.8163000E-01  4.4712000E-01  4.4705000E-01  4.2845000E-01  4.9357000E-01
  4.0487000E-01  4.2691000E-01  4.7433000E-01  4.1106000E-01  3.9813000E-01  4.4136000E-01  4.3807000E-01  4.2424000E-01  4.6725000E-01  5.7057000E-01
  4.0733000E-01  4.5471000E-01  4.3229000E-01  4.3002000E-01  4.2982000E-01  4.0763000E-01  4.7787000E-01  4.5948000E-01  4.8040000E-01  5.3301000E-01
  4.6495000E-01  4.6467000E-01  4.3055000E-01  4.2699000E-01  4.4975000E-01  4.4801000E-01  3.7418000E-01  4.0104000E-01  4.9004000E-01  4.0493000E-01
  3.8465000E-01  4.1686000E-01  4.7230000E-01  4.2160000E-01  4.6008000E-01  4.1612000E-01  4.1778000E-01  4.5218000E-01  4.2453000E-01  3.9845000E-01
  4.4230000E-01  4.8946000E-01  4.3228000E-01  4.5717000E-01  4.1969000E-01  5.0165000E-01  4.1147000E-01  4.2202000E-01  4.7593000E-01  4.3705000E-01
  3.9179000E-01  4.2712000E-01  3.9690000E-01  4.8368000E-01  4.4345000E-01  4.6221000E-01  4.5817000E-01  4.2341000E-01  4.3473000E-01  4.4217000E-01
  4.8510000E-01  4.1818000E-01  5.0135000E-01  4.3035000E-01  3.9721000E-01  4.3976000E-01  4.3047000E-01  4.8259000E-01  4.3688000E-01  5.0636000E-01
  4.6812000E-01  5.2610000E-01  4.7489000E-01  4.7053000E-01  4.7561000E-01  4.5776000E-01  4.5122000E-01  4.3526000E-01  4.2438000E-01  4.3704000E-01
  4.5004000E-01  4.3792000E-01  4.2752000E-01  4.3468000E-01  4.9298000E-01  4.5858000E-01  4.8562000E-01  4.5688000E-01  5.3008000E-01  4.8731000E-01
  4.6826000E-01  4.4521000E-01  4.2348000E-01  5.2726000E-01  4.8133000E-01  4.3947000E-01  4.5456000E-01  4.1394000E-01  4.4800000E-01  4.4910000E-01
  4.8396000E-01  4.7903000E-01  4.3522000E-01  4.7616000E-01  4.9234000E-01  4.4453000E-01  4.5943000E-01  4.8843000E-01  4.5370000E-01  4.9745000E-01
  4.5150000E-01  4.9489000E-01  4.2295000E-01  4.7572000E-01  4.1580000E-01  4.4713000E-01  4.4850000E-01  4.3266000E-01  4.2704000E-01  4.2780000E-01
  4.5467000E-01  5.0366000E-01  5.0662000E-01  4.3399000E-01  4.8985000E-01  4.8846000E-01  4.7296000E-01  5.4967000E-01  4.4817000E-01  4.6623000E-01
  5.4244000E-01  4.2879000E-01  5.0789000E-01  4.7061000E-01  4.3575000E-01  5.1784000E-01  4.8970000E-01  4.4649000E-01  4.9549000E-01  4.3717000E-01
  4.8424000E-01  4.6631000E-01  4.1533000E-01  5.8785000E-01  5.1190000E-01  4.5642000E-01  4.4465000E-01  5.1123000E-01  4.8138000E-01  5.2876000E-01
  4.4428000E-01  4.3110000E-01  4.6312000E-01  4.4564000E-01  4.3668000E-01  4.6745000E-01  4.2749000E-01  5.6472000E-01  5.1789000E-01  4.5551000E-01
  4.7988000E-01  4.5245000E-01  4.4498000E-01  4.7374000E-01  5.0842000E-01  5.3995000E-01  5.5551000E-01  4.2764000E-01  5.5892000E-01  4.7920000E-01
  4.4718000E-01  4.5765000E-01  5.2189000E-01  5.3511000E-01  5.6673000E-01  4.6601000E-01  4.2657000E-01  5.0944000E-01  4.2689000E-01  5.1338000E-01
  4.8842000E-01  4.8984000E-01  5.1679000E-01  4.2915000E-01  4.3485000E-01  4.7531000E-01  6.0209000E-01  4.8903000E-01  4.7174000E-01  4.1390000E-01
  4.6532000E-01  5.3273000E-01  4.5413000E-01  4.5271000E-01  4.3694000E-01  4.4594000E-01  5.2492000E-01  4.7896000E-01  4.7842000E-01  4.9212000E-01
  5.5189000E-01  5.0574000E-01  4.6226000E-01  5.1808000E-01  5.3808000E-01  4.8926000E-01  4.7132000E-01  4.9892000E-01  4.8406000E-01  4.8340000E-01
  4.6086000E-01  5.0325000E-01  5.4604000E-01  5.3455000E-01  4.6160000E-01  4.8612000E-01  5.1936000E-01  5.1211000E-01  4.3696000E-01  4.6856000E-01
  5.0458000E-01  5.7017000E-01  4.9646000E-01  4.6111000E-01  4.8007000E-01  4.4334000E-01  4.6698000E-01  4.6557000E-01  4.8001000E-01  5.0993000E-01
  4.9928000E-01  4.9344000E-01  5.1608000E-01  5.1684000E-01  4.7870000E-01  5.3310000E-01  5.2199000E-01  4.8773000E-01  4.5680000E-01  5.1921000E-01
  5.4718000E-01  5.2530000E-01  5.5993000E-01  4.8985000E-01  4.9006000E-01  4.8225000E-01  4.8506000E-01  5.0277000E-01  5.0453000E-01  5.6401000E-01
  4.8044000E-01  4.5654000E-01  5.4500000E-01  5.2242000E-01  5.0071000E-01  5.9511000E-01  5.1538000E-01  4.4253000E-01  5.1436000E-01  4.8809000E-01
  5.3054000E-01  4.7001000E-01  4.5745000E-01  4.9216000E-01  4.8839000E-01  4.4918000E-01  5.2184000E-01  4.9565000E-01  4.8359000E-01  5.9982000E-01
  5.5168000E-01  4.9875000E-01  4.6489000E-01  5.2195000E-01  5.2324000E-01  4.9590000E-01  5.6803000E-01  4.8130000E-01  5.0269000E-01  4.7474000E-01
  4.4523000E-01  4.8729000E-01  5.7427000E-01  5.2791000E-01  4.7126000E-01  4.8857000E-01  4.9653000E-01  5.6647000E-01  4.6683000E-01  5.8191000E-01
  4.8232000E-01  5.6588000E-01  4.8908000E-01
