D. Lewellen, Coarse horizontal res. (dx=dy=12.5, dz to 1.5m at surface)
  540
  0.5987500E+02  0.1198750E+03  0.1798750E+03  0.2398750E+03  0.2998750E+03  0.3598750E+03  0.4198750E+03  0.4798750E+03  0.5398750E+03  0.5998750E+03
  0.6598750E+03  0.7198750E+03  0.7798750E+03  0.8398750E+03  0.8998750E+03  0.9598750E+03  0.1019875E+04  0.1079875E+04  0.1139875E+04  0.1199875E+04
  0.1259875E+04  0.1319875E+04  0.1379875E+04  0.1439875E+04  0.1499875E+04  0.1559875E+04  0.1619875E+04  0.1679875E+04  0.1739875E+04  0.1799875E+04
  0.1859875E+04  0.1919875E+04  0.1979875E+04  0.2039875E+04  0.2099875E+04  0.2159875E+04  0.2219875E+04  0.2279875E+04  0.2339875E+04  0.2399875E+04
  0.2459875E+04  0.2519875E+04  0.2579875E+04  0.2639875E+04  0.2699875E+04  0.2759875E+04  0.2819875E+04  0.2879875E+04  0.2939875E+04  0.2999875E+04
  0.3059875E+04  0.3119875E+04  0.3179875E+04  0.3239875E+04  0.3299875E+04  0.3359875E+04  0.3419875E+04  0.3479875E+04  0.3539875E+04  0.3599875E+04
  0.3659875E+04  0.3719875E+04  0.3779875E+04  0.3839875E+04  0.3899875E+04  0.3959875E+04  0.4019875E+04  0.4079875E+04  0.4139875E+04  0.4199875E+04
  0.4259875E+04  0.4319875E+04  0.4379875E+04  0.4439875E+04  0.4499875E+04  0.4559875E+04  0.4619875E+04  0.4679875E+04  0.4739875E+04  0.4799875E+04
  0.4859875E+04  0.4919875E+04  0.4979875E+04  0.5039875E+04  0.5099875E+04  0.5159875E+04  0.5219875E+04  0.5279875E+04  0.5339875E+04  0.5399875E+04
  0.5459875E+04  0.5519875E+04  0.5579875E+04  0.5639875E+04  0.5699875E+04  0.5759875E+04  0.5819875E+04  0.5879875E+04  0.5939875E+04  0.5999875E+04
  0.6059875E+04  0.6119875E+04  0.6179875E+04  0.6239875E+04  0.6299875E+04  0.6359875E+04  0.6419875E+04  0.6479875E+04  0.6539875E+04  0.6599875E+04
  0.6659875E+04  0.6719875E+04  0.6779875E+04  0.6839875E+04  0.6899875E+04  0.6959875E+04  0.7019875E+04  0.7079875E+04  0.7139875E+04  0.7199875E+04
  0.7259875E+04  0.7319875E+04  0.7379875E+04  0.7439875E+04  0.7499875E+04  0.7559875E+04  0.7619875E+04  0.7679875E+04  0.7739875E+04  0.7799875E+04
  0.7859875E+04  0.7919875E+04  0.7979875E+04  0.8039875E+04  0.8099875E+04  0.8159875E+04  0.8219875E+04  0.8279875E+04  0.8339875E+04  0.8399875E+04
  0.8459875E+04  0.8519875E+04  0.8579875E+04  0.8639875E+04  0.8699875E+04  0.8759875E+04  0.8819875E+04  0.8879875E+04  0.8939875E+04  0.8999875E+04
  0.9059875E+04  0.9119875E+04  0.9179875E+04  0.9239875E+04  0.9299875E+04  0.9359875E+04  0.9419875E+04  0.9479875E+04  0.9539875E+04  0.9599875E+04
  0.9659875E+04  0.9719875E+04  0.9779875E+04  0.9839875E+04  0.9899875E+04  0.9959875E+04  0.1001988E+05  0.1007988E+05  0.1013988E+05  0.1019988E+05
  0.1025988E+05  0.1031988E+05  0.1037988E+05  0.1043988E+05  0.1049988E+05  0.1055988E+05  0.1061988E+05  0.1067988E+05  0.1073988E+05  0.1079988E+05
  0.1085988E+05  0.1091988E+05  0.1097988E+05  0.1103988E+05  0.1109988E+05  0.1115988E+05  0.1121988E+05  0.1127988E+05  0.1133988E+05  0.1139988E+05
  0.1145988E+05  0.1151988E+05  0.1157988E+05  0.1163988E+05  0.1169988E+05  0.1175988E+05  0.1181988E+05  0.1187988E+05  0.1193988E+05  0.1199988E+05
  0.1205988E+05  0.1211988E+05  0.1217988E+05  0.1223988E+05  0.1229988E+05  0.1235988E+05  0.1241988E+05  0.1247988E+05  0.1253988E+05  0.1259988E+05
  0.1265988E+05  0.1271988E+05  0.1277988E+05  0.1283988E+05  0.1289988E+05  0.1295988E+05  0.1301988E+05  0.1307988E+05  0.1313988E+05  0.1319988E+05
  0.1325988E+05  0.1331988E+05  0.1337988E+05  0.1343988E+05  0.1349988E+05  0.1355988E+05  0.1361988E+05  0.1367988E+05  0.1373988E+05  0.1379988E+05
  0.1385988E+05  0.1391988E+05  0.1397988E+05  0.1403988E+05  0.1409988E+05  0.1415988E+05  0.1421988E+05  0.1427988E+05  0.1433988E+05  0.1439988E+05
  0.1445988E+05  0.1451988E+05  0.1457988E+05  0.1463988E+05  0.1469988E+05  0.1475988E+05  0.1481988E+05  0.1487988E+05  0.1493988E+05  0.1499988E+05
  0.1505988E+05  0.1511988E+05  0.1517988E+05  0.1523988E+05  0.1529988E+05  0.1535988E+05  0.1541988E+05  0.1547988E+05  0.1553988E+05  0.1559988E+05
  0.1565988E+05  0.1571988E+05  0.1577988E+05  0.1583988E+05  0.1589988E+05  0.1595988E+05  0.1601988E+05  0.1607988E+05  0.1613988E+05  0.1619988E+05
  0.1625988E+05  0.1631988E+05  0.1637988E+05  0.1643988E+05  0.1649988E+05  0.1655988E+05  0.1661988E+05  0.1667988E+05  0.1673988E+05  0.1679988E+05
  0.1685988E+05  0.1691988E+05  0.1697988E+05  0.1703988E+05  0.1709988E+05  0.1715988E+05  0.1721988E+05  0.1727988E+05  0.1733988E+05  0.1739988E+05
  0.1745988E+05  0.1751988E+05  0.1757988E+05  0.1763988E+05  0.1769988E+05  0.1775988E+05  0.1781988E+05  0.1787988E+05  0.1793988E+05  0.1799988E+05
  0.1805988E+05  0.1811988E+05  0.1817988E+05  0.1823988E+05  0.1829988E+05  0.1835988E+05  0.1841988E+05  0.1847988E+05  0.1853988E+05  0.1859988E+05
  0.1865988E+05  0.1871988E+05  0.1877988E+05  0.1883988E+05  0.1889988E+05  0.1895988E+05  0.1901988E+05  0.1907988E+05  0.1913988E+05  0.1919988E+05
  0.1925988E+05  0.1931988E+05  0.1937988E+05  0.1943988E+05  0.1949988E+05  0.1955988E+05  0.1961988E+05  0.1967988E+05  0.1973988E+05  0.1979988E+05
  0.1985988E+05  0.1991988E+05  0.1997988E+05  0.2003988E+05  0.2009988E+05  0.2015988E+05  0.2021988E+05  0.2027988E+05  0.2033988E+05  0.2039988E+05
  0.2045988E+05  0.2051988E+05  0.2057988E+05  0.2063988E+05  0.2069988E+05  0.2075988E+05  0.2081988E+05  0.2087988E+05  0.2093988E+05  0.2099988E+05
  0.2105988E+05  0.2111988E+05  0.2117988E+05  0.2123988E+05  0.2129988E+05  0.2135988E+05  0.2141988E+05  0.2147988E+05  0.2153988E+05  0.2159988E+05
  0.2165988E+05  0.2171988E+05  0.2177988E+05  0.2183988E+05  0.2189988E+05  0.2195988E+05  0.2201988E+05  0.2207988E+05  0.2213988E+05  0.2219988E+05
  0.2225988E+05  0.2231988E+05  0.2237988E+05  0.2243988E+05  0.2249988E+05  0.2255988E+05  0.2261988E+05  0.2267988E+05  0.2273988E+05  0.2279988E+05
  0.2285988E+05  0.2291988E+05  0.2297988E+05  0.2303988E+05  0.2309988E+05  0.2315988E+05  0.2321988E+05  0.2327988E+05  0.2333988E+05  0.2339988E+05
  0.2345988E+05  0.2351988E+05  0.2357988E+05  0.2363988E+05  0.2369988E+05  0.2375988E+05  0.2381988E+05  0.2387988E+05  0.2393988E+05  0.2399988E+05
  0.2405988E+05  0.2411988E+05  0.2417988E+05  0.2423988E+05  0.2429988E+05  0.2435988E+05  0.2441988E+05  0.2447988E+05  0.2453988E+05  0.2459988E+05
  0.2465988E+05  0.2471988E+05  0.2477988E+05  0.2483988E+05  0.2489988E+05  0.2495988E+05  0.2501988E+05  0.2507988E+05  0.2513988E+05  0.2519988E+05
  0.2525988E+05  0.2531988E+05  0.2537988E+05  0.2543988E+05  0.2549988E+05  0.2555988E+05  0.2561988E+05  0.2567988E+05  0.2573988E+05  0.2579988E+05
  0.2585988E+05  0.2591988E+05  0.2597988E+05  0.2603988E+05  0.2609988E+05  0.2615988E+05  0.2621988E+05  0.2627988E+05  0.2633988E+05  0.2639988E+05
  0.2645988E+05  0.2651988E+05  0.2657988E+05  0.2663988E+05  0.2669988E+05  0.2675988E+05  0.2681988E+05  0.2687988E+05  0.2693988E+05  0.2699988E+05
  0.2705988E+05  0.2711988E+05  0.2717988E+05  0.2723988E+05  0.2729988E+05  0.2735988E+05  0.2741988E+05  0.2747988E+05  0.2753988E+05  0.2759988E+05
  0.2765988E+05  0.2771988E+05  0.2777988E+05  0.2783988E+05  0.2789988E+05  0.2795988E+05  0.2801988E+05  0.2807988E+05  0.2813988E+05  0.2819988E+05
  0.2825988E+05  0.2831988E+05  0.2837988E+05  0.2843988E+05  0.2849988E+05  0.2855988E+05  0.2861988E+05  0.2867988E+05  0.2873988E+05  0.2879988E+05
  0.2885988E+05  0.2891988E+05  0.2897988E+05  0.2903988E+05  0.2909988E+05  0.2915988E+05  0.2921988E+05  0.2927988E+05  0.2933988E+05  0.2939988E+05
  0.2945988E+05  0.2951988E+05  0.2957988E+05  0.2963988E+05  0.2969988E+05  0.2975988E+05  0.2981988E+05  0.2987988E+05  0.2993988E+05  0.2999988E+05
  0.3005988E+05  0.3011988E+05  0.3017988E+05  0.3023988E+05  0.3029988E+05  0.3035988E+05  0.3041988E+05  0.3047988E+05  0.3053988E+05  0.3059988E+05
  0.3065988E+05  0.3071988E+05  0.3077988E+05  0.3083988E+05  0.3089988E+05  0.3095988E+05  0.3101988E+05  0.3107988E+05  0.3113988E+05  0.3119988E+05
  0.3125988E+05  0.3131988E+05  0.3137988E+05  0.3143988E+05  0.3149988E+05  0.3155988E+05  0.3161988E+05  0.3167988E+05  0.3173988E+05  0.3179988E+05
  0.3185988E+05  0.3191988E+05  0.3197988E+05  0.3203988E+05  0.3209988E+05  0.3215988E+05  0.3221988E+05  0.3227988E+05  0.3233988E+05  0.3239988E+05
  0.1487240E+02  0.2222708E+02  0.2596933E+02  0.2880524E+02  0.3345670E+02  0.3714437E+02  0.4102045E+02  0.4300903E+02  0.4480767E+02  0.4734768E+02
  0.5020366E+02  0.5156202E+02  0.5374360E+02  0.5566490E+02  0.5666882E+02  0.5836152E+02  0.6007631E+02  0.6505771E+02  0.6807751E+02  0.7008874E+02
  0.7403671E+02  0.7564374E+02  0.7956972E+02  0.8584981E+02  0.9443523E+02  0.1027072E+03  0.1104314E+03  0.1142899E+03  0.1253711E+03  0.1363495E+03
  0.1386604E+03  0.1440661E+03  0.1509070E+03  0.1609230E+03  0.1716714E+03  0.1772979E+03  0.1404670E+03  0.1965407E+03  0.2037189E+03  0.1352906E+03
  0.1330426E+03  0.1330154E+03  0.1378987E+03  0.1479170E+03  0.1537632E+03  0.1526849E+03  0.1343829E+03  0.1290969E+03  0.1292415E+03  0.1426074E+03
  0.1440710E+03  0.1481329E+03  0.1464948E+03  0.1431200E+03  0.1615074E+03  0.1647918E+03  0.1629195E+03  0.1512900E+03  0.1394353E+03  0.1345054E+03
  0.1348426E+03  0.1388190E+03  0.1409040E+03  0.1495098E+03  0.1526538E+03  0.1519078E+03  0.1513194E+03  0.1521182E+03  0.1559696E+03  0.1538902E+03
  0.1559457E+03  0.1603960E+03  0.1572487E+03  0.1604030E+03  0.1706785E+03  0.1671289E+03  0.1570263E+03  0.1444420E+03  0.1459227E+03  0.1548333E+03
  0.1652081E+03  0.1664376E+03  0.1542605E+03  0.1524815E+03  0.1619436E+03  0.1688094E+03  0.1639766E+03  0.1609072E+03  0.1689349E+03  0.1714974E+03
  0.1714341E+03  0.1762292E+03  0.1774911E+03  0.1761182E+03  0.1727679E+03  0.1781466E+03  0.1778100E+03  0.1762536E+03  0.1739947E+03  0.1766400E+03
  0.1806560E+03  0.1818567E+03  0.1747115E+03  0.1733350E+03  0.1779598E+03  0.1777457E+03  0.1749286E+03  0.1779935E+03  0.1807855E+03  0.1817585E+03
  0.1799130E+03  0.1747827E+03  0.1773221E+03  0.1717581E+03  0.1647232E+03  0.1763706E+03  0.1753411E+03  0.1757945E+03  0.1808735E+03  0.1857940E+03
  0.1853641E+03  0.1825835E+03  0.1838439E+03  0.1858596E+03  0.1866355E+03  0.1860533E+03  0.1877740E+03  0.1906137E+03  0.1828465E+03  0.1799971E+03
  0.1855025E+03  0.1895655E+03  0.1902003E+03  0.1792437E+03  0.1765641E+03  0.1864965E+03  0.1862854E+03  0.1813001E+03  0.1687331E+03  0.1580983E+03
  0.1593125E+03  0.1609256E+03  0.1641239E+03  0.1684154E+03  0.1677221E+03  0.1661658E+03  0.1837631E+03  0.1602338E+03  0.1558080E+03  0.1577930E+03
  0.1601113E+03  0.1694093E+03  0.1922836E+03  0.1917541E+03  0.1284746E+03  0.1359272E+03  0.1565504E+03  0.1346572E+03  0.1281878E+03  0.1329090E+03
  0.1345258E+03  0.1431391E+03  0.1438805E+03  0.1491089E+03  0.1757708E+03  0.1914655E+03  0.1921930E+03  0.1960719E+03  0.1974605E+03  0.2012489E+03
  0.1988031E+03  0.2014913E+03  0.2006035E+03  0.2026025E+03  0.2056276E+03  0.2072463E+03  0.2019716E+03  0.2066240E+03  0.2085775E+03  0.2060733E+03
  0.2081930E+03  0.2106211E+03  0.2093497E+03  0.2064801E+03  0.2036109E+03  0.2049519E+03  0.2078640E+03  0.2068540E+03  0.2032730E+03  0.2069656E+03
  0.2080445E+03  0.2066794E+03  0.2035266E+03  0.2030943E+03  0.2075263E+03  0.2108902E+03  0.2057897E+03  0.2041874E+03  0.1763764E+03  0.1836072E+03
  0.1975439E+03  0.1932921E+03  0.1909497E+03  0.2047765E+03  0.1996820E+03  0.1941961E+03  0.1996661E+03  0.1693528E+03  0.1637669E+03  0.1855427E+03
  0.1914237E+03  0.2065696E+03  0.1741556E+03  0.1718999E+03  0.1696222E+03  0.1740391E+03  0.1740206E+03  0.1722143E+03  0.1749799E+03  0.1786119E+03
  0.1798043E+03  0.1790719E+03  0.1764073E+03  0.1764095E+03  0.1778582E+03  0.2005794E+03  0.1594591E+03  0.1547094E+03  0.1516108E+03  0.1414204E+03
  0.1306764E+03  0.1271541E+03  0.1299449E+03  0.1248576E+03  0.1321609E+03  0.1343401E+03  0.1355420E+03  0.1371777E+03  0.1308735E+03  0.1244475E+03
  0.1262524E+03  0.1293067E+03  0.1282215E+03  0.1296949E+03  0.1288416E+03  0.1334594E+03  0.1342442E+03  0.1378804E+03  0.1384462E+03  0.1397179E+03
  0.1443494E+03  0.1532040E+03  0.1579548E+03  0.1594348E+03  0.1999719E+03  0.1477116E+03  0.1541177E+03  0.1594894E+03  0.1769848E+03  0.1828018E+03
  0.1842185E+03  0.1880927E+03  0.1860648E+03  0.1935775E+03  0.1952249E+03  0.1867412E+03  0.1931783E+03  0.2012025E+03  0.2003747E+03  0.1985703E+03
  0.2025841E+03  0.2074097E+03  0.2048641E+03  0.2065884E+03  0.2068004E+03  0.2069759E+03  0.2104370E+03  0.2106638E+03  0.2061770E+03  0.2052547E+03
  0.2065846E+03  0.2043507E+03  0.2047749E+03  0.2004108E+03  0.1984957E+03  0.2025238E+03  0.1992150E+03  0.1963462E+03  0.1970034E+03  0.1988280E+03
  0.1981503E+03  0.1980591E+03  0.2023736E+03  0.2010215E+03  0.1956597E+03  0.1959616E+03  0.2033718E+03  0.1997523E+03  0.1915480E+03  0.1939940E+03
  0.2028721E+03  0.1987248E+03  0.1907756E+03  0.1904059E+03  0.1939932E+03  0.1865299E+03  0.1830266E+03  0.1894212E+03  0.1837900E+03  0.1798014E+03
  0.1793264E+03  0.1820882E+03  0.1929901E+03  0.2048636E+03  0.1937495E+03  0.1707056E+03  0.1573570E+03  0.1574023E+03  0.1687206E+03  0.1745065E+03
  0.1731487E+03  0.1774189E+03  0.1755164E+03  0.2100898E+03  0.1963794E+03  0.1812000E+03  0.1753992E+03  0.1825977E+03  0.1821687E+03  0.1752607E+03
  0.1994543E+03  0.1925694E+03  0.1959827E+03  0.2081906E+03  0.1763985E+03  0.1836669E+03  0.1874399E+03  0.1806779E+03  0.1693807E+03  0.1619335E+03
  0.1752154E+03  0.1788934E+03  0.1439072E+03  0.1452035E+03  0.1745473E+03  0.1634662E+03  0.1493971E+03  0.1568566E+03  0.1508029E+03  0.1513328E+03
  0.1453223E+03  0.1418970E+03  0.1500138E+03  0.1486759E+03  0.1485771E+03  0.1490357E+03  0.1480298E+03  0.1614181E+03  0.1615263E+03  0.1409437E+03
  0.1508636E+03  0.1540563E+03  0.1494415E+03  0.1530084E+03  0.1522265E+03  0.1535698E+03  0.1481983E+03  0.1513144E+03  0.1613260E+03  0.1573303E+03
  0.1620583E+03  0.1514199E+03  0.1466777E+03  0.1442966E+03  0.1446985E+03  0.1518907E+03  0.1303594E+03  0.1396407E+03  0.1435097E+03  0.1346204E+03
  0.1593875E+03  0.1442523E+03  0.1486268E+03  0.1500070E+03  0.1501918E+03  0.1605838E+03  0.1476136E+03  0.1482030E+03  0.1432867E+03  0.1549445E+03
  0.1567755E+03  0.1536768E+03  0.1471458E+03  0.1589960E+03  0.1701647E+03  0.1660648E+03  0.1724271E+03  0.1749315E+03  0.2039821E+03  0.2083598E+03
  0.2076747E+03  0.2051747E+03  0.2001821E+03  0.2039693E+03  0.2130179E+03  0.2052877E+03  0.2099244E+03  0.2157630E+03  0.2114381E+03  0.2109365E+03
  0.2095768E+03  0.2134042E+03  0.2131192E+03  0.2065045E+03  0.2064873E+03  0.2053200E+03  0.2007307E+03  0.2046923E+03  0.2015730E+03  0.2064666E+03
  0.2056734E+03  0.2051202E+03  0.2034588E+03  0.1976851E+03  0.1847078E+03  0.1917072E+03  0.1942188E+03  0.1855561E+03  0.1835805E+03  0.1809214E+03
  0.1853444E+03  0.1837732E+03  0.1903588E+03  0.1921169E+03  0.1886564E+03  0.1784705E+03  0.1804172E+03  0.1831384E+03  0.1871493E+03  0.1903373E+03
  0.1709174E+03  0.1752206E+03  0.1883847E+03  0.1925899E+03  0.1585071E+03  0.1630722E+03  0.1652838E+03  0.1598880E+03  0.1677617E+03  0.1656212E+03
  0.1577674E+03  0.1615542E+03  0.1621682E+03  0.1663953E+03  0.1536445E+03  0.1583229E+03  0.1640974E+03  0.1610511E+03  0.1663588E+03  0.1746980E+03
  0.1598888E+03  0.1538885E+03  0.1639782E+03  0.1625227E+03  0.1651624E+03  0.1742873E+03  0.1652291E+03  0.1758281E+03  0.1782884E+03  0.1743313E+03
  0.1776861E+03  0.1777181E+03  0.1862598E+03  0.1746553E+03  0.1563734E+03  0.1665424E+03  0.1647852E+03  0.1620381E+03  0.1586587E+03  0.1809348E+03
  0.1762204E+03  0.1806191E+03  0.1805840E+03  0.1735761E+03  0.1830813E+03  0.1799732E+03  0.1861507E+03  0.1846919E+03  0.1937575E+03  0.1912057E+03
  0.1956589E+03  0.2000827E+03  0.1818836E+03  0.1977330E+03  0.1955497E+03  0.1850031E+03  0.1660175E+03  0.1761730E+03  0.1783239E+03  0.1748578E+03
  0.1781974E+03  0.1759768E+03  0.1721879E+03  0.1686947E+03  0.1757546E+03  0.1842395E+03  0.1585367E+03  0.1682321E+03  0.1823246E+03  0.1768063E+03
  0.1862457E+03  0.1968408E+03  0.1821466E+03  0.1926375E+03  0.1934207E+03  0.1930845E+03  0.1968893E+03  0.1965493E+03  0.1936831E+03  0.1944468E+03
  0.1958256E+03  0.1960565E+03  0.2019901E+03  0.1999705E+03  0.1954880E+03  0.1945307E+03  0.1971786E+03  0.1998564E+03  0.1956994E+03  0.1977815E+03
  0.1969603E+03  0.1959780E+03  0.1955732E+03  0.1950434E+03  0.1968135E+03  0.1981026E+03  0.1959894E+03  0.1964979E+03  0.1943735E+03  0.1924841E+03
 -0.1213110E-03 -0.2521414E-03 -0.3058663E-03 -0.3476732E-03 -0.4351045E-03 -0.5144291E-03 -0.5856890E-03 -0.6581139E-03 -0.7481254E-03 -0.8211525E-03
 -0.8333442E-03 -0.8786185E-03 -0.9108424E-03 -0.9359224E-03 -0.1000028E-02 -0.1028452E-02 -0.1060922E-02 -0.1123891E-02 -0.1162764E-02 -0.1248310E-02
 -0.1246553E-02 -0.1339023E-02 -0.1421264E-02 -0.1595339E-02 -0.1728970E-02 -0.1831939E-02 -0.1951512E-02 -0.2081506E-02 -0.2186035E-02 -0.2346614E-02
 -0.2421858E-02 -0.2416724E-02 -0.2388198E-02 -0.2418939E-02 -0.2348449E-02 -0.2380202E-02 -0.2467203E-02 -0.2445450E-02 -0.2403807E-02 -0.2357407E-02
 -0.2393890E-02 -0.2423828E-02 -0.2634602E-02 -0.2581956E-02 -0.2534026E-02 -0.2629408E-02 -0.2703383E-02 -0.2824403E-02 -0.2915035E-02 -0.2756007E-02
 -0.2760642E-02 -0.2604576E-02 -0.2641024E-02 -0.2486854E-02 -0.2455362E-02 -0.2612140E-02 -0.2787131E-02 -0.2947696E-02 -0.3134411E-02 -0.3197771E-02
 -0.3281672E-02 -0.3189057E-02 -0.3052192E-02 -0.3033370E-02 -0.3078114E-02 -0.3103008E-02 -0.3146839E-02 -0.3307066E-02 -0.3409443E-02 -0.3229050E-02
 -0.3041727E-02 -0.3095581E-02 -0.3066787E-02 -0.3141711E-02 -0.3481981E-02 -0.3552589E-02 -0.3618058E-02 -0.3566312E-02 -0.3559740E-02 -0.3690774E-02
 -0.3829190E-02 -0.3807871E-02 -0.3873178E-02 -0.3821400E-02 -0.3780365E-02 -0.3903513E-02 -0.3843365E-02 -0.3912695E-02 -0.3841559E-02 -0.3693009E-02
 -0.3889049E-02 -0.4120206E-02 -0.4240639E-02 -0.4222789E-02 -0.3933956E-02 -0.4039303E-02 -0.4015339E-02 -0.4064959E-02 -0.4068018E-02 -0.4363492E-02
 -0.4485852E-02 -0.4379351E-02 -0.4249743E-02 -0.4163087E-02 -0.4252255E-02 -0.4409232E-02 -0.4419917E-02 -0.4519704E-02 -0.4384515E-02 -0.4343587E-02
 -0.4264014E-02 -0.4323036E-02 -0.4326106E-02 -0.4001315E-02 -0.3921095E-02 -0.4012274E-02 -0.4147791E-02 -0.4373407E-02 -0.4585681E-02 -0.4420291E-02
 -0.4248731E-02 -0.4296427E-02 -0.4278368E-02 -0.4398932E-02 -0.4415389E-02 -0.4268849E-02 -0.4235480E-02 -0.4277309E-02 -0.4096395E-02 -0.4126320E-02
 -0.4308767E-02 -0.4252496E-02 -0.4183086E-02 -0.4227803E-02 -0.4041671E-02 -0.3932710E-02 -0.4163186E-02 -0.4130692E-02 -0.4321532E-02 -0.4388204E-02
 -0.4280420E-02 -0.4069286E-02 -0.3988544E-02 -0.4012458E-02 -0.4112249E-02 -0.4285035E-02 -0.4140604E-02 -0.4321262E-02 -0.4551085E-02 -0.4418744E-02
 -0.4478108E-02 -0.4354835E-02 -0.4267712E-02 -0.4126146E-02 -0.4158182E-02 -0.4027268E-02 -0.4286516E-02 -0.4735846E-02 -0.5155320E-02 -0.5308153E-02
 -0.5151029E-02 -0.5349176E-02 -0.5697181E-02 -0.5574858E-02 -0.5523470E-02 -0.5139470E-02 -0.4883332E-02 -0.5263800E-02 -0.5124073E-02 -0.4982877E-02
 -0.5096845E-02 -0.5140262E-02 -0.5215282E-02 -0.5273899E-02 -0.5557909E-02 -0.5755893E-02 -0.6045287E-02 -0.5983945E-02 -0.5527067E-02 -0.5211649E-02
 -0.5410376E-02 -0.5358745E-02 -0.5264329E-02 -0.5213475E-02 -0.5021082E-02 -0.4810904E-02 -0.4924974E-02 -0.5136808E-02 -0.5188280E-02 -0.4990094E-02
 -0.4795703E-02 -0.5062359E-02 -0.5299539E-02 -0.5462638E-02 -0.5328712E-02 -0.5207802E-02 -0.5358832E-02 -0.5731049E-02 -0.5786735E-02 -0.6113284E-02
 -0.6363939E-02 -0.6760397E-02 -0.6449217E-02 -0.6471326E-02 -0.6347330E-02 -0.6369005E-02 -0.6156472E-02 -0.5992146E-02 -0.5853804E-02 -0.5885425E-02
 -0.5681690E-02 -0.5464048E-02 -0.5434141E-02 -0.5293141E-02 -0.5783172E-02 -0.6208529E-02 -0.6201985E-02 -0.6203226E-02 -0.6408101E-02 -0.6451715E-02
 -0.6228953E-02 -0.6242338E-02 -0.6236181E-02 -0.6266417E-02 -0.6146208E-02 -0.6005367E-02 -0.5897861E-02 -0.5571188E-02 -0.5352845E-02 -0.5551785E-02
 -0.5443110E-02 -0.5683616E-02 -0.5692217E-02 -0.6210694E-02 -0.6365417E-02 -0.6395440E-02 -0.6336291E-02 -0.6470692E-02 -0.6688540E-02 -0.6335115E-02
 -0.6607269E-02 -0.6726715E-02 -0.6507151E-02 -0.6103590E-02 -0.6557480E-02 -0.7047239E-02 -0.7235378E-02 -0.6579458E-02 -0.6048004E-02 -0.5964131E-02
 -0.5952445E-02 -0.6348173E-02 -0.7017205E-02 -0.6978726E-02 -0.6351659E-02 -0.6731717E-02 -0.6468660E-02 -0.6515731E-02 -0.6619621E-02 -0.6703691E-02
 -0.6602492E-02 -0.6118633E-02 -0.6227919E-02 -0.6460977E-02 -0.6480018E-02 -0.6286812E-02 -0.6383738E-02 -0.6782425E-02 -0.7244386E-02 -0.7272725E-02
 -0.7484305E-02 -0.7322809E-02 -0.6916418E-02 -0.6817927E-02 -0.6641511E-02 -0.6450502E-02 -0.6274883E-02 -0.6248890E-02 -0.6824439E-02 -0.7643182E-02
 -0.8196539E-02 -0.8321000E-02 -0.7942500E-02 -0.8488147E-02 -0.8839028E-02 -0.8394791E-02 -0.7799566E-02 -0.7517198E-02 -0.7644192E-02 -0.7410330E-02
 -0.7189729E-02 -0.7089445E-02 -0.7216603E-02 -0.7203371E-02 -0.7586585E-02 -0.7240256E-02 -0.7097341E-02 -0.6914687E-02 -0.6742814E-02 -0.7210203E-02
 -0.6809367E-02 -0.7067765E-02 -0.7488870E-02 -0.7862714E-02 -0.7627798E-02 -0.7216332E-02 -0.7216138E-02 -0.7537954E-02 -0.8050954E-02 -0.7913415E-02
 -0.7941547E-02 -0.7867046E-02 -0.7390867E-02 -0.7032713E-02 -0.7298995E-02 -0.7466311E-02 -0.7467791E-02 -0.7503227E-02 -0.7311655E-02 -0.7570820E-02
 -0.7273597E-02 -0.6886111E-02 -0.6948160E-02 -0.6860539E-02 -0.7589702E-02 -0.8144548E-02 -0.8185770E-02 -0.8166267E-02 -0.8146751E-02 -0.8263691E-02
 -0.7725085E-02 -0.8277481E-02 -0.8131149E-02 -0.7968985E-02 -0.7660112E-02 -0.7907758E-02 -0.7627957E-02 -0.7782716E-02 -0.8052699E-02 -0.8184099E-02
 -0.7476854E-02 -0.8351674E-02 -0.8441627E-02 -0.7989172E-02 -0.8182360E-02 -0.8141845E-02 -0.7773563E-02 -0.7786234E-02 -0.8274975E-02 -0.8300854E-02
 -0.8590821E-02 -0.8766104E-02 -0.8451848E-02 -0.8195153E-02 -0.8093079E-02 -0.7760631E-02 -0.7769984E-02 -0.7473719E-02 -0.7114648E-02 -0.7305861E-02
 -0.7170103E-02 -0.6917569E-02 -0.6783656E-02 -0.7148235E-02 -0.7020230E-02 -0.7359690E-02 -0.7832927E-02 -0.7465429E-02 -0.7102566E-02 -0.7202994E-02
 -0.7266699E-02 -0.7194895E-02 -0.7328354E-02 -0.7769547E-02 -0.8813507E-02 -0.9121463E-02 -0.8505717E-02 -0.7927330E-02 -0.8088926E-02 -0.8176932E-02
 -0.8041389E-02 -0.7784709E-02 -0.8008341E-02 -0.7568351E-02 -0.8195839E-02 -0.8591641E-02 -0.9256171E-02 -0.8742520E-02 -0.9183489E-02 -0.9404851E-02
 -0.8967092E-02 -0.8491281E-02 -0.8240053E-02 -0.7838816E-02 -0.7595670E-02 -0.7767051E-02 -0.7785636E-02 -0.7564196E-02 -0.7400828E-02 -0.7322131E-02
 -0.7460401E-02 -0.7889409E-02 -0.8439820E-02 -0.8278998E-02 -0.8016963E-02 -0.7731544E-02 -0.8265138E-02 -0.8102161E-02 -0.7734859E-02 -0.7746026E-02
 -0.8127528E-02 -0.8442020E-02 -0.8745098E-02 -0.9644607E-02 -0.9654272E-02 -0.9291304E-02 -0.9473566E-02 -0.9456154E-02 -0.9244716E-02 -0.8534838E-02
 -0.8493986E-02 -0.8634245E-02 -0.8983479E-02 -0.9101268E-02 -0.9027041E-02 -0.8882916E-02 -0.9607222E-02 -0.9349453E-02 -0.9420586E-02 -0.1010758E-01
 -0.9392601E-02 -0.9215437E-02 -0.8817444E-02 -0.8178407E-02 -0.8546012E-02 -0.8632652E-02 -0.8459516E-02 -0.8226177E-02 -0.8240305E-02 -0.8253926E-02
 -0.8647829E-02 -0.8483917E-02 -0.8451206E-02 -0.8768992E-02 -0.8737406E-02 -0.9097569E-02 -0.9036614E-02 -0.9205258E-02 -0.9290881E-02 -0.9096709E-02
 -0.9294324E-02 -0.9342186E-02 -0.9123806E-02 -0.8957200E-02 -0.8652296E-02 -0.8326918E-02 -0.8531163E-02 -0.9308213E-02 -0.9459564E-02 -0.8983240E-02
 -0.8577938E-02 -0.8525606E-02 -0.8194823E-02 -0.8308122E-02 -0.8750143E-02 -0.8440444E-02 -0.8232582E-02 -0.8066101E-02 -0.8653382E-02 -0.8727791E-02
 -0.8479841E-02 -0.8914588E-02 -0.9188456E-02 -0.9079048E-02 -0.8638294E-02 -0.9122925E-02 -0.8853061E-02 -0.8741388E-02 -0.8372903E-02 -0.8140897E-02
 -0.8453140E-02 -0.8122576E-02 -0.8423140E-02 -0.7794403E-02 -0.7942528E-02 -0.8437339E-02 -0.8812521E-02 -0.8680781E-02 -0.8529954E-02 -0.8266650E-02
 -0.7890966E-02 -0.8213680E-02 -0.8086175E-02 -0.8573720E-02 -0.8885931E-02 -0.9149981E-02 -0.9394364E-02 -0.9970034E-02 -0.9749569E-02 -0.9937240E-02
 -0.9971507E-02 -0.1002090E-01 -0.1029653E-01 -0.1018569E-01 -0.1004854E-01 -0.1047729E-01 -0.1011147E-01 -0.1042082E-01 -0.1042409E-01 -0.1072266E-01
 -0.1076625E-01 -0.1013313E-01 -0.9854749E-02 -0.9364776E-02 -0.8775814E-02 -0.8377461E-02 -0.8440071E-02 -0.8669711E-02 -0.9179348E-02 -0.9112746E-02
 -0.8604426E-02 -0.8543607E-02 -0.8519292E-02 -0.9116739E-02 -0.9231940E-02 -0.8808106E-02 -0.8729476E-02 -0.9280113E-02 -0.9664126E-02 -0.9569522E-02
 -0.9798635E-02 -0.9539337E-02 -0.9749986E-02 -0.9711340E-02 -0.9572357E-02 -0.1006654E-01 -0.1012978E-01 -0.9809131E-02 -0.9843456E-02 -0.1008700E-01
  0.6569926E+00  0.4565277E+00  0.3712752E+00  0.3257949E+00  0.3250358E+00  0.3248928E+00  0.3216903E+00  0.3188133E+00  0.3216956E+00  0.3199461E+00
  0.3049347E+00  0.2979215E+00  0.2898516E+00  0.2812027E+00  0.2801285E+00  0.2747776E+00  0.2696747E+00  0.2694649E+00  0.2679441E+00  0.2725210E+00
  0.2656188E+00  0.2730338E+00  0.2780766E+00  0.2922110E+00  0.3041314E+00  0.3090190E+00  0.3126067E+00  0.3210521E+00  0.3250525E+00  0.3355003E+00
  0.3387598E+00  0.3357264E+00  0.3274735E+00  0.3225421E+00  0.3105977E+00  0.3063070E+00  0.3071416E+00  0.3020277E+00  0.2935713E+00  0.2843137E+00
  0.2830811E+00  0.2804218E+00  0.2889266E+00  0.2806684E+00  0.2718815E+00  0.2740709E+00  0.2750386E+00  0.2784036E+00  0.2795201E+00  0.2662445E+00
  0.2622245E+00  0.2515109E+00  0.2519104E+00  0.2404713E+00  0.2347495E+00  0.2399133E+00  0.2463276E+00  0.2537003E+00  0.2587800E+00  0.2608879E+00
  0.2616895E+00  0.2560238E+00  0.2468609E+00  0.2440948E+00  0.2435957E+00  0.2422870E+00  0.2424860E+00  0.2466284E+00  0.2479463E+00  0.2395383E+00
  0.2292332E+00  0.2291214E+00  0.2257227E+00  0.2274675E+00  0.2403379E+00  0.2439113E+00  0.2450375E+00  0.2414464E+00  0.2387179E+00  0.2424195E+00
  0.2470233E+00  0.2436030E+00  0.2446936E+00  0.2409772E+00  0.2376484E+00  0.2400637E+00  0.2376309E+00  0.2378174E+00  0.2343964E+00  0.2279692E+00
  0.2318400E+00  0.2380640E+00  0.2414116E+00  0.2384365E+00  0.2295902E+00  0.2318916E+00  0.2297770E+00  0.2311560E+00  0.2305455E+00  0.2408446E+00
  0.2439524E+00  0.2394610E+00  0.2334821E+00  0.2276761E+00  0.2271989E+00  0.2318889E+00  0.2321145E+00  0.2334716E+00  0.2287169E+00  0.2267416E+00
  0.2231458E+00  0.2244006E+00  0.2233466E+00  0.2136724E+00  0.2110556E+00  0.2118509E+00  0.2144995E+00  0.2185800E+00  0.2242437E+00  0.2206419E+00
  0.2153788E+00  0.2154197E+00  0.2147573E+00  0.2175588E+00  0.2175770E+00  0.2126876E+00  0.2116182E+00  0.2127512E+00  0.2073117E+00  0.2073118E+00
  0.2121061E+00  0.2107704E+00  0.2098001E+00  0.2102032E+00  0.2044738E+00  0.2011518E+00  0.2066192E+00  0.2053776E+00  0.2111037E+00  0.2136309E+00
  0.2108109E+00  0.2052013E+00  0.2033542E+00  0.2039513E+00  0.2061763E+00  0.2104066E+00  0.2046752E+00  0.2088206E+00  0.2149094E+00  0.2112480E+00
  0.2123571E+00  0.2090196E+00  0.2073711E+00  0.2036026E+00  0.2033981E+00  0.2009352E+00  0.2073165E+00  0.2217768E+00  0.2324577E+00  0.2371854E+00
  0.2328541E+00  0.2333245E+00  0.2410663E+00  0.2386966E+00  0.2373546E+00  0.2278000E+00  0.2210611E+00  0.2287160E+00  0.2249005E+00  0.2198904E+00
  0.2228350E+00  0.2229365E+00  0.2259041E+00  0.2276790E+00  0.2358989E+00  0.2398193E+00  0.2442009E+00  0.2426626E+00  0.2308727E+00  0.2240583E+00
  0.2278509E+00  0.2279476E+00  0.2255534E+00  0.2247466E+00  0.2204597E+00  0.2155987E+00  0.2179791E+00  0.2215378E+00  0.2229511E+00  0.2173378E+00
  0.2119638E+00  0.2183208E+00  0.2244933E+00  0.2283007E+00  0.2256097E+00  0.2222382E+00  0.2247720E+00  0.2331807E+00  0.2348981E+00  0.2399418E+00
  0.2440928E+00  0.2531377E+00  0.2467052E+00  0.2463920E+00  0.2436312E+00  0.2428420E+00  0.2383747E+00  0.2352901E+00  0.2318397E+00  0.2322174E+00
  0.2269019E+00  0.2227714E+00  0.2224392E+00  0.2187017E+00  0.2311887E+00  0.2404358E+00  0.2395512E+00  0.2403436E+00  0.2433750E+00  0.2440911E+00
  0.2391212E+00  0.2391030E+00  0.2393696E+00  0.2383612E+00  0.2359829E+00  0.2327451E+00  0.2307268E+00  0.2231537E+00  0.2174861E+00  0.2224273E+00
  0.2218079E+00  0.2268604E+00  0.2282474E+00  0.2400993E+00  0.2422269E+00  0.2414229E+00  0.2399319E+00  0.2443946E+00  0.2473036E+00  0.2392812E+00
  0.2430250E+00  0.2434848E+00  0.2390900E+00  0.2313910E+00  0.2384722E+00  0.2472752E+00  0.2539147E+00  0.2418676E+00  0.2309619E+00  0.2292358E+00
  0.2303229E+00  0.2384463E+00  0.2517227E+00  0.2504498E+00  0.2375432E+00  0.2424756E+00  0.2379387E+00  0.2394101E+00  0.2431981E+00  0.2458402E+00
  0.2444063E+00  0.2342072E+00  0.2357376E+00  0.2414622E+00  0.2410769E+00  0.2359495E+00  0.2371689E+00  0.2455756E+00  0.2554950E+00  0.2591136E+00
  0.2617242E+00  0.2564976E+00  0.2479938E+00  0.2459732E+00  0.2416686E+00  0.2387176E+00  0.2353141E+00  0.2326857E+00  0.2436028E+00  0.2578706E+00
  0.2666480E+00  0.2702360E+00  0.2621817E+00  0.2730154E+00  0.2798249E+00  0.2733289E+00  0.2613390E+00  0.2547905E+00  0.2551186E+00  0.2502654E+00
  0.2461294E+00  0.2461657E+00  0.2467950E+00  0.2471396E+00  0.2562823E+00  0.2479350E+00  0.2442290E+00  0.2428581E+00  0.2381138E+00  0.2470066E+00
  0.2376875E+00  0.2419645E+00  0.2516792E+00  0.2600302E+00  0.2579264E+00  0.2495781E+00  0.2497434E+00  0.2555121E+00  0.2640469E+00  0.2604208E+00
  0.2587198E+00  0.2588319E+00  0.2501083E+00  0.2430220E+00  0.2478141E+00  0.2511433E+00  0.2509699E+00  0.2510569E+00  0.2469090E+00  0.2508945E+00
  0.2458855E+00  0.2371311E+00  0.2366399E+00  0.2351563E+00  0.2491501E+00  0.2602232E+00  0.2611073E+00  0.2618759E+00  0.2611515E+00  0.2642398E+00
  0.2517489E+00  0.2594205E+00  0.2551977E+00  0.2517743E+00  0.2461975E+00  0.2504694E+00  0.2462402E+00  0.2482261E+00  0.2559343E+00  0.2589610E+00
  0.2454918E+00  0.2608479E+00  0.2645684E+00  0.2540076E+00  0.2574442E+00  0.2579382E+00  0.2523167E+00  0.2518223E+00  0.2598374E+00  0.2585200E+00
  0.2630849E+00  0.2652748E+00  0.2598198E+00  0.2556939E+00  0.2561095E+00  0.2518642E+00  0.2492579E+00  0.2430109E+00  0.2384586E+00  0.2433244E+00
  0.2401835E+00  0.2347275E+00  0.2333977E+00  0.2393789E+00  0.2372996E+00  0.2434105E+00  0.2517136E+00  0.2436909E+00  0.2368664E+00  0.2390730E+00
  0.2411923E+00  0.2409885E+00  0.2429197E+00  0.2501318E+00  0.2703024E+00  0.2760290E+00  0.2642518E+00  0.2527536E+00  0.2546619E+00  0.2575114E+00
  0.2555717E+00  0.2483842E+00  0.2501529E+00  0.2434291E+00  0.2555610E+00  0.2639410E+00  0.2758254E+00  0.2652437E+00  0.2710383E+00  0.2737655E+00
  0.2666049E+00  0.2594838E+00  0.2552893E+00  0.2473020E+00  0.2443583E+00  0.2481419E+00  0.2491724E+00  0.2454117E+00  0.2412632E+00  0.2382778E+00
  0.2421007E+00  0.2482098E+00  0.2588055E+00  0.2553241E+00  0.2497972E+00  0.2439739E+00  0.2531703E+00  0.2512965E+00  0.2461282E+00  0.2458472E+00
  0.2525645E+00  0.2587497E+00  0.2619677E+00  0.2751267E+00  0.2754440E+00  0.2703607E+00  0.2724829E+00  0.2728491E+00  0.2683335E+00  0.2552082E+00
  0.2549240E+00  0.2576345E+00  0.2608437E+00  0.2613547E+00  0.2608426E+00  0.2608002E+00  0.2744731E+00  0.2681239E+00  0.2718222E+00  0.2811936E+00
  0.2686486E+00  0.2663226E+00  0.2595281E+00  0.2495055E+00  0.2572937E+00  0.2579558E+00  0.2536375E+00  0.2495260E+00  0.2512539E+00  0.2512306E+00
  0.2578172E+00  0.2544006E+00  0.2514558E+00  0.2558987E+00  0.2553205E+00  0.2618505E+00  0.2622265E+00  0.2642710E+00  0.2643695E+00  0.2581852E+00
  0.2614389E+00  0.2624840E+00  0.2623267E+00  0.2604663E+00  0.2560564E+00  0.2482488E+00  0.2523521E+00  0.2631687E+00  0.2631179E+00  0.2562948E+00
  0.2501456E+00  0.2480517E+00  0.2454732E+00  0.2479479E+00  0.2539741E+00  0.2485566E+00  0.2458835E+00  0.2430620E+00  0.2534924E+00  0.2571954E+00
  0.2513369E+00  0.2562229E+00  0.2614671E+00  0.2598558E+00  0.2518184E+00  0.2596002E+00  0.2556438E+00  0.2542577E+00  0.2466101E+00  0.2436957E+00
  0.2505231E+00  0.2440410E+00  0.2479372E+00  0.2381975E+00  0.2396193E+00  0.2484690E+00  0.2528073E+00  0.2499293E+00  0.2468516E+00  0.2443983E+00
  0.2373590E+00  0.2450073E+00  0.2437048E+00  0.2484495E+00  0.2525012E+00  0.2569206E+00  0.2621349E+00  0.2702667E+00  0.2671912E+00  0.2703902E+00
  0.2719857E+00  0.2698122E+00  0.2735650E+00  0.2716190E+00  0.2679529E+00  0.2746843E+00  0.2695772E+00  0.2723973E+00  0.2729105E+00  0.2777599E+00
  0.2792745E+00  0.2701533E+00  0.2671027E+00  0.2589696E+00  0.2490856E+00  0.2426142E+00  0.2440616E+00  0.2491526E+00  0.2567702E+00  0.2553236E+00
  0.2471008E+00  0.2457027E+00  0.2441018E+00  0.2539031E+00  0.2543411E+00  0.2482276E+00  0.2461465E+00  0.2538320E+00  0.2586590E+00  0.2594457E+00
  0.2628270E+00  0.2611258E+00  0.2619042E+00  0.2620488E+00  0.2586171E+00  0.2642874E+00  0.2644103E+00  0.2600814E+00  0.2587869E+00  0.2617156E+00
  0.1569741E+06  0.2533986E+05  0.1123578E+05  0.6678959E+04  0.5299650E+04  0.4476532E+04  0.3816749E+04  0.3306398E+04  0.2988188E+04  0.2678266E+04
  0.2284773E+04  0.2020934E+04  0.1795274E+04  0.1595385E+04  0.1476070E+04  0.1354587E+04  0.1241320E+04  0.1169039E+04  0.1110933E+04  0.1088740E+04
  0.1009515E+04  0.1020723E+04  0.1015934E+04  0.1050229E+04  0.1092554E+04  0.1081662E+04  0.1051164E+04  0.1067568E+04  0.1054995E+04  0.1080648E+04
  0.1077889E+04  0.1051421E+04  0.9874272E+03  0.9314965E+03  0.8567629E+03  0.8107816E+03  0.7886024E+03  0.7565338E+03  0.7067866E+03  0.6546451E+03
  0.6363197E+03  0.6109145E+03  0.6147445E+03  0.5750145E+03  0.5325675E+03  0.5257483E+03  0.5167977E+03  0.5130323E+03  0.5030863E+03  0.4598417E+03
  0.4385878E+03  0.4101855E+03  0.4064554E+03  0.3754799E+03  0.3537900E+03  0.3549879E+03  0.3601047E+03  0.3719867E+03  0.3712643E+03  0.3728734E+03
  0.3666998E+03  0.3533669E+03  0.3309727E+03  0.3219566E+03  0.3153343E+03  0.3077899E+03  0.3042515E+03  0.3046023E+03  0.3002179E+03  0.2858231E+03
  0.2659250E+03  0.2609166E+03  0.2518193E+03  0.2515582E+03  0.2677240E+03  0.2742822E+03  0.2730670E+03  0.2650269E+03  0.2566161E+03  0.2591983E+03
  0.2643344E+03  0.2549250E+03  0.2540080E+03  0.2458966E+03  0.2384065E+03  0.2379966E+03  0.2344468E+03  0.2308352E+03  0.2251086E+03  0.2154246E+03
  0.2151635E+03  0.2198918E+03  0.2227870E+03  0.2155589E+03  0.2065749E+03  0.2072982E+03  0.2028825E+03  0.2040359E+03  0.2022712E+03  0.2149926E+03
  0.2173289E+03  0.2105434E+03  0.2011154E+03  0.1903635E+03  0.1852022E+03  0.1898995E+03  0.1899939E+03  0.1890771E+03  0.1832399E+03  0.1802155E+03
  0.1749825E+03  0.1755214E+03  0.1729370E+03  0.1637154E+03  0.1610016E+03  0.1591283E+03  0.1597750E+03  0.1603462E+03  0.1651216E+03  0.1631775E+03
  0.1579053E+03  0.1562413E+03  0.1554579E+03  0.1571918E+03  0.1566452E+03  0.1513431E+03  0.1502461E+03  0.1511794E+03  0.1460550E+03  0.1449961E+03
  0.1487146E+03  0.1478537E+03  0.1482406E+03  0.1475197E+03  0.1420361E+03  0.1389718E+03  0.1422765E+03  0.1408262E+03  0.1461830E+03  0.1491942E+03
  0.1469737E+03  0.1425834E+03  0.1415767E+03  0.1419763E+03  0.1431144E+03  0.1459724E+03  0.1390525E+03  0.1415000E+03  0.1464530E+03  0.1432604E+03
  0.1435994E+03  0.1408108E+03  0.1403125E+03  0.1373576E+03  0.1358890E+03  0.1352709E+03  0.1395868E+03  0.1546671E+03  0.1636150E+03  0.1687980E+03
  0.1645905E+03  0.1594560E+03  0.1651188E+03  0.1638143E+03  0.1625653E+03  0.1544507E+03  0.1485482E+03  0.1526290E+03  0.1490744E+03  0.1432800E+03
  0.1457793E+03  0.1447455E+03  0.1484367E+03  0.1502741E+03  0.1586037E+03  0.1609113E+03  0.1617603E+03  0.1603497E+03  0.1495100E+03  0.1449288E+03
  0.1468154E+03  0.1484187E+03  0.1463700E+03  0.1462174E+03  0.1432971E+03  0.1398810E+03  0.1412171E+03  0.1421338E+03  0.1434341E+03  0.1381478E+03
  0.1333460E+03  0.1380319E+03  0.1433571E+03  0.1462738E+03  0.1447099E+03  0.1415301E+03  0.1422995E+03  0.1485561E+03  0.1504015E+03  0.1517366E+03
  0.1534567E+03  0.1611185E+03  0.1563418E+03  0.1552150E+03  0.1529870E+03  0.1509895E+03  0.1477392E+03  0.1459741E+03  0.1429460E+03  0.1428741E+03
  0.1380650E+03  0.1358660E+03  0.1360035E+03  0.1327058E+03  0.1434764E+03  0.1503334E+03  0.1488372E+03  0.1502890E+03  0.1510586E+03  0.1513658E+03
  0.1473961E+03  0.1470466E+03  0.1476846E+03  0.1451223E+03  0.1435758E+03  0.1409773E+03  0.1398449E+03  0.1339404E+03  0.1290496E+03  0.1331002E+03
  0.1346267E+03  0.1379426E+03  0.1402758E+03  0.1496509E+03  0.1499296E+03  0.1477446E+03  0.1463781E+03  0.1514854E+03  0.1518473E+03  0.1452173E+03
  0.1458739E+03  0.1440986E+03  0.1410394E+03  0.1363016E+03  0.1388747E+03  0.1440687E+03  0.1519320E+03  0.1444075E+03  0.1367904E+03  0.1356273E+03
  0.1378360E+03  0.1434068E+03  0.1526335E+03  0.1511587E+03  0.1417058E+03  0.1422085E+03  0.1398388E+03  0.1414201E+03  0.1459131E+03  0.1488305E+03
  0.1484828E+03  0.1409916E+03  0.1412507E+03  0.1463176E+03  0.1451902E+03  0.1403052E+03  0.1403282E+03  0.1466282E+03  0.1545940E+03  0.1606278E+03
  0.1608522E+03  0.1547458E+03  0.1480772E+03  0.1465743E+03  0.1427056E+03  0.1416143E+03  0.1394394E+03  0.1353795E+03  0.1422417E+03  0.1506531E+03
  0.1553215E+03  0.1592580E+03  0.1523691E+03  0.1609886E+03  0.1664568E+03  0.1633405E+03  0.1536700E+03  0.1477546E+03  0.1458619E+03  0.1420405E+03
  0.1392596E+03  0.1412919E+03  0.1398696E+03  0.1407143E+03  0.1489898E+03  0.1413535E+03  0.1378298E+03  0.1391017E+03  0.1344496E+03  0.1403542E+03
  0.1324217E+03  0.1345922E+03  0.1429461E+03  0.1501570E+03  0.1510551E+03  0.1446605E+03  0.1449521E+03  0.1486031E+03  0.1535475E+03  0.1498684E+03
  0.1464303E+03  0.1480092E+03  0.1421464E+03  0.1370443E+03  0.1400109E+03  0.1424642E+03  0.1421411E+03  0.1416170E+03  0.1382426E+03  0.1400804E+03
  0.1372450E+03  0.1300285E+03  0.1280681E+03  0.1272795E+03  0.1368376E+03  0.1452841E+03  0.1460308E+03  0.1476760E+03  0.1468048E+03  0.1499227E+03
  0.1386905E+03  0.1416321E+03  0.1372541E+03  0.1344864E+03  0.1308166E+03  0.1334313E+03  0.1314364E+03  0.1319648E+03  0.1397947E+03  0.1424883E+03
  0.1328737E+03  0.1427038E+03  0.1473109E+03  0.1377480E+03  0.1400290E+03  0.1415374E+03  0.1387601E+03  0.1377217E+03  0.1423590E+03  0.1397676E+03
  0.1423312E+03  0.1429975E+03  0.1393516E+03  0.1369781E+03  0.1393832E+03  0.1382449E+03  0.1338362E+03  0.1289399E+03  0.1279772E+03  0.1324135E+03
  0.1297631E+03  0.1255409E+03  0.1258557E+03  0.1288564E+03  0.1278164E+03  0.1315847E+03  0.1367234E+03  0.1301698E+03  0.1256441E+03  0.1273871E+03
  0.1296582E+03  0.1306205E+03  0.1313497E+03  0.1352564E+03  0.1504694E+03  0.1548270E+03  0.1456767E+03  0.1367767E+03  0.1371034E+03  0.1402317E+03
  0.1393972E+03  0.1321833E+03  0.1312565E+03  0.1279863E+03  0.1367532E+03  0.1437114E+03  0.1522363E+03  0.1433329E+03  0.1455900E+03  0.1464979E+03
  0.1419057E+03  0.1381671E+03  0.1355860E+03  0.1295625E+03  0.1289919E+03  0.1320965E+03  0.1334298E+03  0.1312109E+03  0.1274207E+03  0.1240682E+03
  0.1277241E+03  0.1301546E+03  0.1379222E+03  0.1350034E+03  0.1305568E+03  0.1261278E+03  0.1318364E+03  0.1315242E+03  0.1294430E+03  0.1288142E+03
  0.1331083E+03  0.1377971E+03  0.1380466E+03  0.1449976E+03  0.1453542E+03  0.1428239E+03  0.1434007E+03  0.1442447E+03  0.1403388E+03  0.1307782E+03
  0.1309687E+03  0.1329948E+03  0.1326610E+03  0.1317153E+03  0.1320191E+03  0.1340957E+03  0.1445269E+03  0.1384419E+03  0.1431606E+03  0.1477122E+03
  0.1386165E+03  0.1376434E+03  0.1331244E+03  0.1275319E+03  0.1338354E+03  0.1335176E+03  0.1295215E+03  0.1268225E+03  0.1292535E+03  0.1290042E+03
  0.1330685E+03  0.1303182E+03  0.1263319E+03  0.1283221E+03  0.1279150E+03  0.1325202E+03  0.1339896E+03  0.1346355E+03  0.1335439E+03  0.1270447E+03
  0.1291041E+03  0.1299891E+03  0.1328612E+03  0.1324736E+03  0.1302935E+03  0.1233741E+03  0.1264910E+03  0.1314872E+03  0.1293085E+03  0.1258443E+03
  0.1225300E+03  0.1202121E+03  0.1212047E+03  0.1232041E+03  0.1257188E+03  0.1221680E+03  0.1212548E+03  0.1195458E+03  0.1264025E+03  0.1308978E+03
  0.1257268E+03  0.1267067E+03  0.1306338E+03  0.1297789E+03  0.1241312E+03  0.1287739E+03  0.1267242E+03  0.1262668E+03  0.1202828E+03  0.1193763E+03
  0.1249028E+03  0.1201550E+03  0.1215060E+03  0.1164329E+03  0.1163198E+03  0.1220838E+03  0.1231164E+03  0.1207646E+03  0.1184154E+03  0.1185801E+03
  0.1137978E+03  0.1202392E+03  0.1201976E+03  0.1201135E+03  0.1216563E+03  0.1244583E+03  0.1287520E+03  0.1329621E+03  0.1313796E+03  0.1335839E+03
  0.1354953E+03  0.1316210E+03  0.1335173E+03  0.1321104E+03  0.1285640E+03  0.1328311E+03  0.1301015E+03  0.1302427E+03  0.1309392E+03  0.1342001E+03
  0.1358552E+03  0.1306575E+03  0.1298483E+03  0.1245363E+03  0.1182512E+03  0.1144677E+03  0.1156643E+03  0.1197949E+03  0.1238423E+03  0.1226509E+03
  0.1177464E+03  0.1165830E+03  0.1146453E+03  0.1205623E+03  0.1196751E+03  0.1166043E+03  0.1147201E+03  0.1183403E+03  0.1202450E+03  0.1225452E+03
  0.1244203E+03  0.1253367E+03  0.1237287E+03  0.1244268E+03  0.1213388E+03  0.1231392E+03  0.1225412E+03  0.1204327E+03  0.1182296E+03  0.1193365E+03
  0.2380468E+00  0.2674229E+00  0.2832331E+00  0.1014533E+01  0.6307524E+00  0.8552395E+00  0.6648452E+00  0.4964036E+00  0.4741879E+00  0.5758326E+00
  0.4434295E+00  0.4564496E+00  0.3647958E+00  0.4001183E+00  0.4980482E+00  0.4539340E+00  0.6368024E+00  0.1252973E+01  0.8968201E+00  0.9346902E+00
  0.8905264E+00  0.7763692E+00  0.8938778E+00  0.1332279E+01  0.1633327E+01  0.1468261E+01  0.1792888E+01  0.1252378E+01  0.1190408E+01  0.1358755E+01
  0.1408122E+01  0.1451510E+01  0.1277300E+01  0.1124559E+01  0.1050300E+01  0.1343994E+01  0.9026567E+00  0.9484926E+00  0.9364623E+00  0.8495585E+00
  0.8039030E+00  0.8299977E+00  0.7388377E+00  0.1034715E+01  0.9697270E+00  0.8941641E+00  0.8587926E+00  0.8658269E+00  0.7719974E+00  0.8389702E+00
  0.7893257E+00  0.7913967E+00  0.7541207E+00  0.8250529E+00  0.8047356E+00  0.9507063E+00  0.9029484E+00  0.1281892E+01  0.9731943E+00  0.8806514E+00
  0.9426765E+00  0.9792987E+00  0.1031221E+01  0.9476662E+00  0.7706614E+00  0.9922495E+00  0.7952294E+00  0.7364411E+00  0.8656831E+00  0.8079266E+00
  0.9724460E+00  0.9174179E+00  0.8991359E+00  0.7954161E+00  0.7524790E+00  0.9704241E+00  0.9841708E+00  0.8525244E+00  0.1062531E+01  0.7240121E+00
  0.8259327E+00  0.7696768E+00  0.8292833E+00  0.7836766E+00  0.8661665E+00  0.1047817E+01  0.8470870E+00  0.8699333E+00  0.1026330E+01  0.1049400E+01
  0.8276958E+00  0.8456213E+00  0.9024358E+00  0.9765723E+00  0.7763262E+00  0.8398566E+00  0.8010508E+00  0.8277937E+00  0.7585918E+00  0.7967586E+00
  0.1025844E+01  0.9756950E+00  0.7992140E+00  0.8642701E+00  0.9071940E+00  0.9138759E+00  0.7420577E+00  0.7295114E+00  0.7739474E+00  0.7071174E+00
  0.6727222E+00  0.8002469E+00  0.8885683E+00  0.6567447E+00  0.7211766E+00  0.7042324E+00  0.6880677E+00  0.6984497E+00  0.8125865E+00  0.7827199E+00
  0.8283101E+00  0.7225749E+00  0.6597906E+00  0.6424922E+00  0.6278594E+00  0.5853891E+00  0.5232075E+00  0.5993978E+00  0.5019995E+00  0.4943112E+00
  0.4933331E+00  0.5627071E+00  0.6597371E+00  0.6648786E+00  0.5815037E+00  0.7305348E+00  0.6725548E+00  0.6244702E+00  0.6428185E+00  0.4833598E+00
  0.5749201E+00  0.5532123E+00  0.6019837E+00  0.5203953E+00  0.4705351E+00  0.5046793E+00  0.4275937E+00  0.4408909E+00  0.5006519E+00  0.6911142E+00
  0.7134241E+00  0.5729999E+00  0.5828975E+00  0.5721074E+00  0.6075677E+00  0.9009265E+00  0.8851501E+00  0.9955680E+00  0.8544750E+00  0.9770445E+00
  0.8319954E+00  0.9128370E+00  0.9314278E+00  0.9410517E+00  0.9323010E+00  0.8390585E+00  0.8311647E+00  0.7549944E+00  0.8686109E+00  0.8486004E+00
  0.8242225E+00  0.8016567E+00  0.1198581E+01  0.8758497E+00  0.8983863E+00  0.8314984E+00  0.7866870E+00  0.7627131E+00  0.7468295E+00  0.7567992E+00
  0.7211162E+00  0.8514056E+00  0.6955827E+00  0.7634524E+00  0.7163417E+00  0.6452338E+00  0.6357574E+00  0.7216389E+00  0.6093194E+00  0.5775761E+00
  0.7674795E+00  0.6912333E+00  0.6394000E+00  0.8779190E+00  0.7222934E+00  0.8750139E+00  0.7593744E+00  0.7281715E+00  0.8493407E+00  0.9124349E+00
  0.9218718E+00  0.8941199E+00  0.8508635E+00  0.9606943E+00  0.9346782E+00  0.9168867E+00  0.9159421E+00  0.9726439E+00  0.6997162E+00  0.6475524E+00
  0.5845559E+00  0.6451671E+00  0.7454642E+00  0.7325203E+00  0.8830281E+00  0.8574806E+00  0.8863215E+00  0.7462880E+00  0.1003500E+01  0.6928330E+00
  0.6834036E+00  0.8211461E+00  0.6927568E+00  0.6982149E+00  0.5802848E+00  0.6284369E+00  0.7994400E+00  0.6245360E+00  0.6412526E+00  0.6108886E+00
  0.6481307E+00  0.8272693E+00  0.7654980E+00  0.7094450E+00  0.7403220E+00  0.7079043E+00  0.9053793E+00  0.9466807E+00  0.6419590E+00  0.7796655E+00
  0.7875466E+00  0.8782914E+00  0.8654858E+00  0.9412082E+00  0.1122094E+01  0.7687198E+00  0.8224505E+00  0.7648142E+00  0.8128257E+00  0.7700609E+00
  0.8106890E+00  0.8817558E+00  0.7082828E+00  0.7298911E+00  0.7495977E+00  0.6781742E+00  0.9115551E+00  0.7556121E+00  0.8186861E+00  0.9301121E+00
  0.7556183E+00  0.7764667E+00  0.6950821E+00  0.7283800E+00  0.7718121E+00  0.7215161E+00  0.7706534E+00  0.7499791E+00  0.9112176E+00  0.1052411E+01
  0.1010907E+01  0.7843901E+00  0.7779620E+00  0.8454681E+00  0.8887715E+00  0.1055893E+01  0.8315478E+00  0.8120276E+00  0.8363725E+00  0.8923607E+00
  0.1044798E+01  0.9566394E+00  0.1059529E+01  0.9089033E+00  0.8333688E+00  0.1057131E+01  0.9059262E+00  0.1053239E+01  0.8967601E+00  0.9319767E+00
  0.9070991E+00  0.9373349E+00  0.7413569E+00  0.8967496E+00  0.8486924E+00  0.8053347E+00  0.8600209E+00  0.7320894E+00  0.8423917E+00  0.8076688E+00
  0.6355683E+00  0.6967058E+00  0.7405227E+00  0.7919115E+00  0.7863860E+00  0.9459757E+00  0.1060429E+01  0.9736878E+00  0.9042721E+00  0.7334176E+00
  0.7162133E+00  0.8545769E+00  0.5872368E+00  0.7084563E+00  0.8273927E+00  0.7647021E+00  0.7230426E+00  0.7586398E+00  0.6885119E+00  0.6817945E+00
  0.7067612E+00  0.6810993E+00  0.1185542E+01  0.8342069E+00  0.8772727E+00  0.8887902E+00  0.9599022E+00  0.1002520E+01  0.9248651E+00  0.8945248E+00
  0.8240068E+00  0.9259946E+00  0.1018844E+01  0.7512022E+00  0.8796747E+00  0.8102880E+00  0.8369052E+00  0.8795096E+00  0.7213034E+00  0.8340131E+00
  0.8496889E+00  0.7752006E+00  0.7921962E+00  0.7920405E+00  0.8605377E+00  0.9487174E+00  0.8570427E+00  0.8927075E+00  0.9448435E+00  0.7941213E+00
  0.7984159E+00  0.8778326E+00  0.7762753E+00  0.8618489E+00  0.8109853E+00  0.7747783E+00  0.9152177E+00  0.8219443E+00  0.6969966E+00  0.8006620E+00
  0.7272401E+00  0.6742181E+00  0.8085704E+00  0.7130882E+00  0.6778508E+00  0.7554083E+00  0.6870912E+00  0.6781039E+00  0.7120079E+00  0.7458252E+00
  0.6417267E+00  0.6986980E+00  0.7965714E+00  0.8696074E+00  0.7202776E+00  0.8219908E+00  0.8211538E+00  0.6904750E+00  0.8590492E+00  0.8022264E+00
  0.8879690E+00  0.7242329E+00  0.7749678E+00  0.8116055E+00  0.9860863E+00  0.8851818E+00  0.8429875E+00  0.1022079E+01  0.1153673E+01  0.9748562E+00
  0.8008512E+00  0.8897614E+00  0.7717560E+00  0.8977879E+00  0.7918357E+00  0.9220898E+00  0.7583616E+00  0.7995084E+00  0.7650790E+00  0.7716416E+00
  0.6971579E+00  0.7790685E+00  0.7524104E+00  0.8087754E+00  0.8282936E+00  0.8176899E+00  0.8631862E+00  0.8520335E+00  0.8944764E+00  0.1007216E+01
  0.1003166E+01  0.1134743E+01  0.1030083E+01  0.9275092E+00  0.9947878E+00  0.1073649E+01  0.9183135E+00  0.9766589E+00  0.1027474E+01  0.8753268E+00
  0.9302974E+00  0.8293702E+00  0.7205142E+00  0.9756119E+00  0.1113934E+01  0.9802702E+00  0.7099678E+00  0.8607039E+00  0.8666440E+00  0.7799552E+00
  0.8997903E+00  0.1079758E+01  0.7969946E+00  0.7536696E+00  0.9325680E+00  0.8765489E+00  0.9220457E+00  0.1132920E+01  0.7633160E+00  0.8077368E+00
  0.7793110E+00  0.7275215E+00  0.7803137E+00  0.9179828E+00  0.8341225E+00  0.7114881E+00  0.7048845E+00  0.1025868E+01  0.9395350E+00  0.1006612E+01
  0.9659682E+00  0.7964251E+00  0.8200238E+00  0.7918899E+00  0.9434342E+00  0.8880864E+00  0.9014600E+00  0.1259364E+01  0.8840637E+00  0.8988695E+00
  0.8372961E+00  0.8307985E+00  0.8021783E+00  0.7826271E+00  0.9516335E+00  0.6847734E+00  0.6968448E+00  0.7954521E+00  0.6834314E+00  0.7505201E+00
  0.9107887E+00  0.9015245E+00  0.8076839E+00  0.7294687E+00  0.7671579E+00  0.9226694E+00  0.8281735E+00  0.8208714E+00  0.6171983E+00  0.6911097E+00
  0.7110441E+00  0.7948460E+00  0.7031639E+00  0.7294667E+00  0.6777177E+00  0.7948772E+00  0.8108964E+00  0.8338397E+00  0.6339564E+00  0.7541847E+00
  0.8297792E+00  0.9259532E+00  0.8018522E+00  0.9305745E+00  0.8563527E+00  0.8691368E+00  0.9623476E+00  0.1090061E+01  0.8949341E+00  0.8841690E+00
  0.1035602E+01  0.9627221E+00  0.9919965E+00  0.1139909E+01  0.1076944E+01  0.9126037E+00  0.9287027E+00  0.8512136E+00  0.1070272E+01  0.8609732E+00
  0.8918473E+00  0.8223032E+00  0.8008767E+00  0.9013289E+00  0.7774887E+00  0.9124016E+00  0.8015312E+00  0.7968250E+00  0.7506007E+00  0.7326682E+00
  0.9707294E+00  0.7535335E+00  0.8068564E+00  0.9253623E+00  0.8760807E+00  0.8323367E+00  0.7661733E+00  0.9720988E+00  0.9034294E+00  0.8889356E+00
  0.8133186E+00  0.8922182E+00  0.8464621E+00  0.8379920E+00  0.9679835E+00  0.9736362E+00  0.9023710E+00  0.8072476E+00  0.8008584E+00  0.8502229E+00
