 7.30 UTC C _12.5m_Marat
          32
  0.0000000E+00   1.2500000E+01   2.5000000E+01   3.7500000E+01   5.0000000E+01   6.2500000E+01   7.5000000E+01   8.7500000E+01   1.0000000E+02   1.1250000E+02
  1.2500000E+02   1.3750000E+02   1.5000000E+02   1.6250000E+02   1.7500000E+02   1.8750000E+02   2.0000000E+02   2.1250000E+02   2.2500000E+02   2.3750000E+02
  2.5000000E+02   2.6250000E+02   2.7500000E+02   2.8750000E+02   3.0000000E+02   3.1250000E+02   3.2500000E+02   3.3750000E+02   3.5000000E+02   3.6250000E+02
  3.7500000E+02   3.8750000E+02
  0.0000000E+00  -4.3045890E-02  -4.3934030E-02  -3.8694730E-02  -3.6224850E-02  -3.2811880E-02  -2.9940470E-02  -2.6434950E-02  -2.3507790E-02  -2.0322240E-02
 -1.7521680E-02  -1.4613070E-02  -1.1477470E-02  -8.8611480E-03  -5.9689500E-03  -3.4925010E-03  -1.6629050E-03  -6.3241860E-04  -3.0703300E-04  -1.6222790E-04
 -1.7359260E-04  -2.1367060E-04  -3.5334990E-04  -3.3063140E-04  -1.9145180E-04  -1.4361680E-04  -1.3159920E-04  -1.0628940E-04  -7.3973260E-05  -4.2984870E-05
 -1.8779100E-05  -4.4215800E-06
 -6.8611260E-02  -2.2313840E-02  -1.7421530E-02  -1.7910990E-02  -1.4989400E-02  -1.3225460E-02  -1.0959080E-02  -9.4533790E-03  -7.2741020E-03  -5.8105570E-03
 -4.2681620E-03  -3.2481910E-03  -2.4596540E-03  -1.4552920E-03  -8.1401410E-04  -2.9504340E-04  -7.4004310E-05   2.2404260E-05   6.2265810E-05   7.0399950E-05
  5.3413520E-05   3.2363540E-05   7.0811290E-06  -2.5277250E-07  -2.7804960E-07  -2.3896300E-08  -1.4336560E-09  -5.6954440E-10   1.5248540E-10   1.0664730E-09
  1.2559730E-09   9.9146500E-10
  0.0000000E+00  -2.3984800E-02  -2.1463340E-02  -1.5061010E-02  -1.1269750E-02  -7.0334510E-03  -3.3463710E-03  -1.0144180E-03   1.3126570E-03   3.0892460E-03
  4.6955410E-03   5.7503370E-03   6.4966700E-03   6.7241220E-03   6.4997970E-03   5.8384730E-03   4.9151800E-03   3.6725550E-03   2.2608570E-03   1.3652020E-03
  8.0106560E-04   4.6084580E-04   2.2702170E-04   1.6996060E-04   2.2441430E-04   2.0785160E-04   1.7127440E-04   1.3064750E-04   8.8120450E-05   4.9896190E-05
  2.1806920E-05   5.4820750E-06
 -4.8838920E-02  -1.4568450E-02  -8.7101790E-03  -7.3857170E-03  -4.1645620E-03  -2.4475310E-03  -1.4609250E-03  -2.1378710E-04   6.0410210E-04   1.5249230E-03
  1.8594490E-03   1.8179560E-03   1.5802270E-03   1.3218850E-03   9.5419590E-04   5.3291810E-04   2.8055940E-04   1.5793330E-04   7.1059390E-05   4.0658080E-05
  2.3901120E-05   1.6261370E-05   4.3778320E-06   4.6896360E-07  -2.5260390E-08  -1.2255010E-08  -1.4403560E-09   4.8325400E-10   3.1728710E-10   1.9504200E-10
  1.6009980E-10   1.7354100E-10
  0.0000000E+00  -6.1022620E-03  -5.9826340E-03  -5.4021210E-03  -5.0862280E-03  -4.7697840E-03  -4.5835910E-03  -4.3876770E-03  -4.1556660E-03  -3.8634620E-03
 -3.6932090E-03  -3.6120180E-03  -3.3844910E-03  -3.1823260E-03  -2.7965090E-03  -2.1933080E-03  -1.5630240E-03  -9.6570840E-04  -6.1484320E-04  -3.4043320E-04
 -1.8537210E-04  -8.6996070E-05   4.2484450E-06   6.2198360E-06  -1.0192270E-05  -2.0768450E-05  -2.3365980E-05  -2.6393870E-05  -2.6420720E-05  -2.2436130E-05
 -1.3586900E-05  -5.1000170E-06
 -1.3127090E-02  -6.1481020E-03  -5.4424990E-03  -5.2042920E-03  -4.7141510E-03  -4.2561350E-03  -3.6940250E-03  -3.1360350E-03  -2.6245160E-03  -2.2631050E-03
 -1.8711970E-03  -1.4916600E-03  -1.1753680E-03  -8.3629920E-04  -5.6955140E-04  -3.7391200E-04  -2.4462640E-04  -1.7199540E-04  -1.2080270E-04  -9.1455800E-05
 -5.6292910E-05  -2.8401560E-05  -9.8545300E-06  -2.9253420E-06  -8.9098530E-07  -2.7707380E-07  -8.4395870E-08  -3.1474670E-08  -1.7995190E-08  -1.4234100E-08
 -1.2707010E-08  -1.0188700E-08
 -9.9999990E+06  -9.9999990E+06  -9.9999990E+06  -9.9999990E+06  -9.9999990E+06  -9.9999990E+06  -9.9999990E+06  -9.9999990E+06  -9.9999990E+06  -9.9999990E+06
 -9.9999990E+06  -9.9999990E+06  -9.9999990E+06  -9.9999990E+06  -9.9999990E+06  -9.9999990E+06  -9.9999990E+06  -9.9999990E+06  -9.9999990E+06  -9.9999990E+06
 -9.9999990E+06  -9.9999990E+06  -9.9999990E+06  -9.9999990E+06  -9.9999990E+06  -9.9999990E+06  -9.9999990E+06  -9.9999990E+06  -9.9999990E+06  -9.9999990E+06
 -9.9999990E+06  -9.9999990E+06
 -9.9999990E+06  -9.9999990E+06  -9.9999990E+06  -9.9999990E+06  -9.9999990E+06  -9.9999990E+06  -9.9999990E+06  -9.9999990E+06  -9.9999990E+06  -9.9999990E+06
 -9.9999990E+06  -9.9999990E+06  -9.9999990E+06  -9.9999990E+06  -9.9999990E+06  -9.9999990E+06  -9.9999990E+06  -9.9999990E+06  -9.9999990E+06  -9.9999990E+06
 -9.9999990E+06  -9.9999990E+06  -9.9999990E+06  -9.9999990E+06  -9.9999990E+06  -9.9999990E+06  -9.9999990E+06  -9.9999990E+06  -9.9999990E+06  -9.9999990E+06
 -9.9999990E+06  -9.9999990E+06
 -9.9999990E+06  -9.9999990E+06  -9.9999990E+06  -9.9999990E+06  -9.9999990E+06  -9.9999990E+06  -9.9999990E+06  -9.9999990E+06  -9.9999990E+06  -9.9999990E+06
 -9.9999990E+06  -9.9999990E+06  -9.9999990E+06  -9.9999990E+06  -9.9999990E+06  -9.9999990E+06  -9.9999990E+06  -9.9999990E+06  -9.9999990E+06  -9.9999990E+06
 -9.9999990E+06  -9.9999990E+06  -9.9999990E+06  -9.9999990E+06  -9.9999990E+06  -9.9999990E+06  -9.9999990E+06  -9.9999990E+06  -9.9999990E+06  -9.9999990E+06
 -9.9999990E+06  -9.9999990E+06
 -9.9999990E+06  -9.9999990E+06  -9.9999990E+06  -9.9999990E+06  -9.9999990E+06  -9.9999990E+06  -9.9999990E+06  -9.9999990E+06  -9.9999990E+06  -9.9999990E+06
 -9.9999990E+06  -9.9999990E+06  -9.9999990E+06  -9.9999990E+06  -9.9999990E+06  -9.9999990E+06  -9.9999990E+06  -9.9999990E+06  -9.9999990E+06  -9.9999990E+06
 -9.9999990E+06  -9.9999990E+06  -9.9999990E+06  -9.9999990E+06  -9.9999990E+06  -9.9999990E+06  -9.9999990E+06  -9.9999990E+06  -9.9999990E+06  -9.9999990E+06
 -9.9999990E+06  -9.9999990E+06
